0 0.5359375 0.7687 0.5328125 0.810937 0.53125 0.85312 0.5296875 0.89687 0.53125 0. 0.534375 0.904687 0.5390625 0.910937 0.5453125 0.9187 0.54375 0.92187 0.5390625 0.926562 0.5375 0.929687 0.5375 0.935937 0.540625 0.945312 0.578125 0.94687 0.6203125 0.948437 0.6625 0.9 0.6734375 0.9 0.6734375 0.885937 0.6765625 0.75312 0.6765625 0.742187 0.60625 0.742187 
0 0.2859375 0.51562 0.2859375 0.5437 0.2828125 0.576562 0.2828125 0.607812 0.278125 0.67187 0.275 0.735937 0.271875 0. 0.2703125 0.832812 0.2703125 0.84687 0.2734375 0.84687 0.284375 0.848437 0.30625 0.851562 0.359375 0.860937 0.3703125 0.862 0.3765625 0.862 0.3765625 0.82 0.3796875 0.767187 0.3796875 0.710937 0.384375 0.59687 0.3859375 0.54062 0.3859375 0.514062 
0 0.4 0.510937 0.4 0.514062 0.3984375 0.576562 0.396875 0.639062 0.3921875 0.764062 0.390625 0.826562 0.390625 0.8687 0.39375 0.8687 0.4046875 0.870312 0.415625 0.87187 0.446875 0.876562 0.4890625 0.88437 0.5 0.885937 0.5109375 0.887 0.5171875 0.887 0.5171875 0.876562 0.5203125 0.739062 0.521875 0.601562 0.521875 0.50937 
0 0.2171875 0.53437 0.2125 0.610937 0.20625 0.687 0.203125 0.739062 0.2015625 0.764062 0.2015625 0.77 0.2046875 0.789062 0.2109375 0.789062 0.2234375 0.785937 0.2328125 0.785937 0.2375 0.789062 0.2453125 0.795312 0.2484375 0.79687 0.2578125 0.79687 0.2578125 0.78437 0.2609375 0.754687 0.2609375 0.726562 0.2671875 0.64062 0.271875 0.554687 0.2734375 0.52 0.2734375 0.5187 0.2703125 0.517187 0.2640625 0.517187 0.2390625 0.510937 0.2296875 0.50937 0.221875 0.507812 
0 0.103125 0.485937 0.1015625 0.5062 0.0984375 0.52812 0.0984375 0.548437 0.084375 0.712 0.08125 0.754687 0.0796875 0.77 0.1546875 0.77 0.1875 0.773437 0.1875 0.767187 0.1890625 0.74062 0.1921875 0.714062 0.196875 0.63437 0.203125 0.529687 0.2046875 0.50312 0.2015625 0.501562 0.1953125 0. 0.1828125 0.49687 0.1765625 0.49687 0.1078125 0.479687 
0 0.559375 0.42187 0.540625 0.423437 0.540625 0.439062 0.5375 0.49687 0.5328125 0.670312 0.53125 0.726562 0.53125 0.7312 0.5625 0.7312 0.628125 0.729687 0.6734375 0.72812 0.6734375 0.68437 0.671875 0.592187 0.6703125 0.501562 0.66875 0.420312 
0 0.6828125 0.217187 0.684375 0.314062 0.690625 0.60312 0.690625 0.698437 0.6921875 0.726562 0.7609375 0.726562 0.8328125 0.72 0.8328125 0.70937 0.83125 0.65312 0.828125 0.542187 0.8203125 0.264062 0.81875 0.207812 0.815625 0.19062 0.8109375 0.189062 0.80625 0.187 0.78125 0.1812 0.7109375 0.15937 0.6859375 0.15312 
0 0.5421875 0.32 0.5421875 0.401562 0.6171875 0.40312 0.6703125 0.40312 0.6703125 0.3812 0.66875 0.30312 0.6671875 0.22 0.665625 0.148437 0.6625 0.139062 0.6578125 0.137 0.6484375 0.135937 0.625 0.12812 0.6140625 0.126562 0.603125 0.123437 0.5921875 0.120312 0.5875 0.1187 0.578125 0.114062 
0 0.4140625 0.076562 0.4125 0.126562 0.409375 0.226562 0.4015625 0.42812 0.4 0.47812 0.4 0.492187 0.4453125 0.492187 0.5234375 0.4937 0.5234375 0.410937 0.5265625 0.24062 0.5265625 0.089062 0.5234375 0.087 0.5203125 0.085937 0.5125 0.082812 0.496875 0.076562 0.4921875 0.07 0.43125 0.0 0.4203125 0.04687 
0 0.3140625 0.010937 0.3125 0.04062 0.30625 0.1312 0.290625 0.4312 0.2890625 0.462 0.2875 0.492187 0.2875 0.504687 0.3046875 0.504687 0.328125 0.501562 0.3703125 0. 0.3890625 0.498437 0.3890625 0.4937 0.390625 0.4312 0.39375 0.3062 0.4 0.117187 0.4015625 0.054687 0.4015625 0.037 0.3984375 0.035937 0.3953125 0.035937 0.390625 0.032812 0.3734375 0.026562 0.346875 0.01562 0.31875 0.004687 
