0 0.034375 0.626562 0.03125 0.6312 0.0234375 0.65312 0.021875 0.657812 0.0265625 0.660937 0.040625 0.6687 0.0609375 0.67812 0.0640625 0.679687 0.065625 0.682812 0.0640625 0.689062 0.059375 0. 0.05625 0.710937 0.075 0.729687 0.084375 0.737 0.090625 0.74062 0.103125 0.74687 0.125 0.754687 0.1734375 0.77187 0.2703125 0.8062 0.7546875 0.97812 0.7625 0.979687 0.765625 0.9812 0.76875 0.973437 0.771875 0.964062 0.7796875 0.94062 0.79375 0.89687 0.796875 0.892187 0.7984375 0.887 0.7984375 0.88437 0.7953125 0.88437 0.7890625 0.8812 0.7765625 0.876562 0.75 0.867187 0.6921875 0.84687 0.4578125 0.764062 0.378125 0.737 0.059375 0.62 0.0546875 0.62187 0.040625 0.617187 
0 0.3640625 0.607812 0.3609375 0.614062 0.353125 0.637 0.3375 0.685937 0.3328125 0.701562 0.3421875 0.7062 0.3671875 0.714062 0.4203125 0.732812 0.79375 0.86562 0.8078125 0.870312 0.809375 0.86562 0.8125 0.8562 0.8171875 0.839062 0.8296875 0.792187 0.834375 0.7812 0.834375 0.776562 0.8359375 0.77187 0.8328125 0.77187 0.8265625 0.7687 0.81875 0.76562 0.7953125 0.757812 0.7515625 0.742187 0.678125 0.71562 0.4890625 0.648437 0.3703125 0.6062 0.3671875 0.6062 
0 0.0703125 0.512 0.065625 0.529687 0.04375 0.587 0.0421875 0.595312 0.040625 0.598437 0.04375 0.598437 0.05 0.601562 0.0625 0.6062 0.075 0.610937 0.115625 0.62 0.2796875 0.68437 0.3015625 0.692187 0.315625 0.69687 0.31875 0.69687 0.3203125 0.6937 0.321875 0.685937 0.328125 0.67187 0.35 0.610937 0.353125 0.6062 0.353125 0.60312 0.3546875 0. 0.3515625 0. 0.3453125 0.59687 0.33125 0.592187 0.303125 0.582812 0.1734375 0.539062 0.0765625 0.507812 
0 0.178125 0.420312 0.1703125 0.42 0.153125 0.437 0.15 0.439062 0.125 0.44062 0.1 0.44062 0.1 0.4437 0.0953125 0.45937 0.0890625 0.47 0.0890625 0.479687 0.084375 0.49062 0.084375 0.4937 0.0875 0.495312 0.090625 0.49687 0.1 0. 0.1234375 0.507812 0.1625 0.52187 0.1984375 0.532812 0.3109375 0.573437 0.571875 0.664062 0.796875 0.742187 0.8375 0.7562 0.840625 0.7562 0.84375 0.757812 0.8453125 0.754687 0.846875 0.7 0.85 0.74062 0.8578125 0.714062 0.8609375 0.70937 0.875 0.664062 0.8765625 0.660937 0.8734375 0.660937 0.8640625 0.6562 0.8375 0.64687 0.7921875 0.6312 0.703125 0. 0.41875 0. 0.2984375 0.457812 0.2046875 0.42 0.1859375 0.4187 
0 0.5765625 0.317187 0.575 0.32 0.565625 0.348437 0.553125 0.38437 0.546875 0.4062 0.5453125 0.40937 0.5484375 0.410937 0.553125 0.412 0.5625 0.41562 0.5890625 0.423437 0.59375 0.426562 0.6484375 0.445312 0.8671875 0.520312 0.9078125 0.532812 0.9109375 0.53437 0.9125 0.5312 0.9140625 0.52812 0.9171875 0.51562 0.9359375 0.4687 0.9421875 0.451562 0.9453125 0.442187 0.9453125 0.439062 0.9421875 0.439062 0.9359375 0.435937 0.928125 0.432812 0.9046875 0.42 0.859375 0.40937 0.6453125 0.33437 0.6140625 0.32 0.609375 0.32187 0.5828125 0.314062 
0 0.1921875 0.304687 0.1890625 0.314062 0.1859375 0.3312 0.184375 0.348437 0.18125 0.357812 0.18125 0.36562 0.1921875 0.37812 0.1890625 0. 0.190625 0.4062 0.1984375 0.407812 0.203125 0.410937 0.225 0.417187 0.2296875 0.420312 0.28125 0.437 0.4109375 0.482812 0.4375 0.4937 0.7515625 0.60312 0.778125 0.614062 0.8578125 0.642187 0.8765625 0.648437 0.88125 0.64687 0.8828125 0.642187 0.8890625 0.623437 0.8890625 0.6187 0.9015625 0.58437 0.9015625 0.579687 0.9109375 0.554687 0.909375 0.5 0.9046875 0.548437 0.8875 0.5437 0.8828125 0.54062 0.846875 0.52812 0.8109375 0.517187 0.6984375 0.47812 0.284375 0.332812 0.2078125 0.3062 0.1953125 0.30312 
0 0.40625 0.254687 0.403125 0.262 0.396875 0.276562 0.3734375 0.332812 0.3703125 0.34062 0.36875 0.345312 0.371875 0.34687 0.3765625 0.348437 0.384375 0.3 0.403125 0.357812 0.521875 0. 0.5265625 0.40312 0.53125 0.404687 0.534375 0.404687 0.5359375 0.401562 0.5375 0.39687 0.540625 0.387 0.5671875 0.307812 0.5640625 0.3062 0.5546875 0.30312 0.540625 0.298437 0.5140625 0.287 0.4390625 0.260937 0.4125 0.251562 
0 0.615625 0.204687 0.6140625 0.20937 0.6125 0.217187 0.5984375 0.251562 0.5859375 0.285937 0.5828125 0.295312 0.5859375 0.295312 0.590625 0.298437 0.6046875 0.30312 0.63125 0.312 0.684375 0.3312 0.86875 0.395312 0.8953125 0.4062 0.9359375 0.420312 0.9484375 0.42 0.953125 0.426562 0.9546875 0.42187 0.9578125 0.412 0.9640625 0.3937 0.984375 0.332812 0.9828125 0.32812 0.978125 0.326562 0.965625 0.323437 0.9609375 0.320312 0.9296875 0.310937 0.925 0.307812 0.8578125 0.285937 0.6828125 0.223437 0.6515625 0.214062 0.646875 0.210937 0.6203125 0.20312 
0 0.190625 0.17812 0.190625 0.1812 0.1875 0.185937 0.1859375 0.1937 0.16875 0.23437 0.1609375 0.254687 0.15625 0.267187 0.1546875 0.27187 0.1609375 0.27 0.1734375 0.27812 0.2 0.289062 0.3453125 0.34062 0.3546875 0.3437 0.35625 0.34062 0.3625 0.326562 0.371875 0.3062 0.3890625 0.26562 0.396875 0.251562 0.396875 0.248437 0.39375 0.24687 0.3890625 0.245312 0.38125 0.2437 0.3421875 0.22812 0.2859375 0.20937 0.246875 0.1937 0.2296875 0.189062 0.2078125 0.179687 0.1953125 0.176562 
0 0.753125 0.120312 0.7515625 0.12 0.7484375 0.13437 0.7421875 0.15312 0.7234375 0.20937 0.7203125 0.220312 0.725 0.22187 0.734375 0.22 0.759375 0.23437 0.7984375 0.24687 0.8203125 0.2562 0.8375 0.260937 0.8421875 0.264062 0.8546875 0.267187 0.8578125 0.2687 0.859375 0.26562 0.8609375 0.260937 0.8640625 0.2 0.8671875 0.23437 0.8875 0.170312 0.890625 0.15937 0.890625 0.1 0.884375 0.148437 0.865625 0.1437 0.859375 0.1437 0.8015625 0.12812 0.7625 0.1187 
0 0.315625 0.101562 0.3125 0.107812 0.3046875 0.12 0.3046875 0.12812 0.303125 0.1312 0.3015625 0.13437 0.2953125 0.137 0.2734375 0.145312 0.26875 0.14687 0.2640625 0.148437 0.25625 0.148437 0.2453125 0.145312 0.21875 0.135937 0.209375 0.13437 0.20625 0.132812 0.2046875 0.135937 0.203125 0.1437 0.196875 0.1562 0.196875 0.15937 0.1953125 0.162 0.1984375 0.164062 0.2015625 0.164062 0.20625 0.167187 0.2203125 0.17187 0.2375 0.17812 0.2828125 0.1937 0.3359375 0.210937 0.5015625 0.2687 0.5640625 0.29062 0.56875 0.2937 0.571875 0.2937 0.5734375 0.29062 0.5734375 0.285937 0.578125 0.27 0.590625 0.237 0.590625 0.232812 0.603125 0.198437 0.6015625 0.1937 0.596875 0.192187 0.5875 0.189062 0.55625 0.179687 0.5515625 0.176562 0.4828125 0.154687 0.409375 0.12812 0.3359375 0.10312 0.321875 0.098437 
0 0.4640625 0.0562 0.4578125 0.073437 0.4421875 0.120312 0.4421875 0.123437 0.4453125 0.12 0.4484375 0.126562 0.4578125 0.129687 0.4765625 0.135937 0.5078125 0.14687 0.5671875 0.16562 0.6859375 0.2062 0.690625 0.20937 0.7046875 0.214062 0.709375 0.212 0.709375 0.20937 0.7125 0.204687 0.715625 0.192187 0.7234375 0.17 0.7328125 0.145312 0.740625 0.12812 0.74375 0.11562 0.7453125 0.112 0.740625 0.112 0.7328125 0.110937 0.725 0.107812 0.7109375 0.1062 0.653125 0.092187 0.471875 0.05312 
0 0.24375 0.00312 0.2421875 0.00937 0.2390625 0.02187 0.2390625 0.026562 0.24375 0.026562 0.25625 0.029687 0.259375 0.0312 0.2625 0.035937 0.2640625 0.039062 0.2671875 0.051562 0.2703125 0.057812 0.2734375 0.05937 0.284375 0.062 0.31875 0.07 0.3890625 0.10312 0.4265625 0.117187 0.4296875 0.110937 0.4328125 0.101562 0.4515625 0.045312 0.4484375 0.0437 0.4421875 0.042187 0.428125 0.039062 0.3921875 0.032812 0.2625 0.00312 0.2546875 0.001562 
