0 0.5875 0.82187 0.578125 0.826562 0.5640625 0.83437 0.4703125 0.87812 0.4671875 0.87812 0.4609375 0.8812 0.4546875 0.88437 0.45 0.887 0.4546875 0.89062 0.459375 0.892187 0.4671875 0.898437 0.475 0.90312 0.48125 0.904687 0.50625 0.9062 0.515625 0.907812 0.5609375 0.95312 0.571875 0.962 0.584375 0.973437 0.5921875 0.979687 0.596875 0.979687 0.60625 0.976562 0.6265625 0.9687 0.646875 0.962 0.6515625 0.967187 0.65625 0.973437 0.6609375 0.9812 0.665625 0.987 0.6703125 0.985937 0.6734375 0.98437 0.6859375 0.979687 0.715625 0.967187 0.7453125 0.95312 0.75625 0.9 0.765625 0.945312 0.7640625 0.939062 0.7625 0.93437 0.7578125 0.9312 0.7484375 0.92 0.7234375 0.907812 0.6125 0.83437 0.6078125 0.829687 0.59375 0.820312 
0 0.8546875 0.717187 0.8421875 0.732812 0.8234375 0.75937 0.7984375 0.79687 0.759375 0.8 0.740625 0.876562 0.734375 0.885937 0.734375 0.889062 0.7453125 0.898437 0.7578125 0.907812 0.7734375 0.923437 0.7796875 0.9312 0.7875 0.942187 0.7921875 0.937 0.803125 0.929687 0.821875 0.914062 0.83125 0.904687 0.8703125 0.873437 0.909375 0.84062 0.9203125 0.8312 0.9296875 0.823437 0.9328125 0.81562 0.93125 0.807812 0.928125 0. 0.9265625 0.79687 0.925 0.7937 0.9203125 0.787 0.9015625 0.762 0.865625 0.71562 0.8609375 0.70937 
0 0.33125 0.751562 0.3375 0.7562 0.3453125 0.760937 0.359375 0.77187 0.371875 0.78437 0.3828125 0.798437 0.409375 0.832812 0.4125 0.837 0.415625 0.839062 0.4234375 0.842187 0.428125 0.8437 0.4296875 0.84687 0.4328125 0.85312 0.4375 0.864062 0.4390625 0.870312 0.4421875 0.8687 0.4484375 0.86562 0.4609375 0.85937 0.4875 0.84687 0.575 0.80312 0.578125 0.801562 0.5671875 0.7937 0.5421875 0.776562 0.5234375 0.764062 0.5203125 0.762 0.509375 0.757812 0.4765625 0.7437 0.4359375 0.726562 0.428125 0.723437 0.4234375 0.72187 0.4109375 0.7187 0.3796875 0.710937 
0 0.1734375 0.595312 0.1625 0.604687 0.1328125 0.62 0.0890625 0.6562 0.071875 0.6687 0.0640625 0.67 0.0671875 0.676562 0.075 0.679687 0.078125 0.682812 0.0859375 0.685937 0.0890625 0.687 0.090625 0.701562 0.09375 0.712 0.109375 0.723437 0.1546875 0.754687 0.159375 0.75937 0.1609375 0.767187 0.1640625 0.785937 0.165625 0.80312 0.16875 0.812 0.16875 0.820312 0.1703125 0.829687 0.171875 0.832812 0.175 0.832812 0.1859375 0.8312 0.1953125 0.829687 0.2 0.82812 0.203125 0.826562 0.215625 0.8187 0.234375 0.8062 0.2609375 0.789062 0.2890625 0.770312 0.2953125 0.76562 0.31875 0.7437 0.3421875 0.72187 0.35625 0.7062 0.353125 0.704687 0.35 0.704687 0.3453125 0.701562 0.3171875 0.69062 0.2890625 0.6812 0.2609375 0.670312 0.2375 0.660937 0.234375 0.657812 0.2171875 0.639062 0.1984375 0.6187 0.18125 0.598437 
0 0.840625 0.5437 0.828125 0.562 0.8234375 0.567187 0.7859375 0.62 0.7046875 0.745312 0.665625 0.80312 0.6609375 0.807812 0.6546875 0.817187 0.6515625 0.82187 0.65 0.82 0.65625 0.8312 0.678125 0.848437 0.7 0.864062 0.7140625 0.87 0.721875 0.8812 0.725 0.87 0.7359375 0.860937 0.753125 0.83437 0.790625 0.779687 0.890625 0.635937 0.896875 0.626562 0.896875 0.620312 0.8953125 0.612 0.8875 0.59062 0.8859375 0.585937 0.8796875 0.57812 0.8546875 0.54687 
0 0.5171875 0.523437 0.5078125 0.537 0.4734375 0.589062 0.46875 0.5937 0.403125 0.692187 0.4 0.69687 0.3984375 0. 0.4015625 0.701562 0.4046875 0.70312 0.4125 0.7062 0.4203125 0.707812 0.45 0.720312 0.496875 0.739062 0.5375 0.754687 0.5421875 0.7562 0.5484375 0.74687 0.5578125 0.729687 0.5796875 0.692187 0.6171875 0.623437 0.6421875 0.579687 0.6453125 0.57 0.6421875 0.57187 0.6375 0.5687 0.6265625 0.562 0.6015625 0.5437 0.596875 0.54062 0.5921875 0.537 0.58125 0.535937 0.5703125 0.535937 0.55625 0.53437 0.55 0.532812 0.5453125 0.529687 0.53125 0.52187 0.528125 0.5187 
0 0.38125 0.43437 0.365625 0.45312 0.315625 0.507812 0.2640625 0.562 0.23125 0. 0.2140625 0.617187 0.2140625 0.620312 0.2203125 0.62 0.2390625 0.639062 0.2625 0.6562 0.26875 0.660937 0.275 0.662 0.284375 0.66562 0.3046875 0.67187 0.3578125 0.689062 0.378125 0.695312 0.3828125 0.695312 0.3859375 0.692187 0.3890625 0.687 0.4 0.670312 0.4125 0.654687 0.503125 0.526562 0.509375 0.517187 0.5125 0.510937 0.509375 0.50937 0.496875 0.50312 0.49375 0.50312 0.4734375 0.4937 0.4515625 0.482812 0.4375 0.4687 0.4171875 0.45312 0.390625 0.43437 
0 0.7546875 0.4187 0.7484375 0.429687 0.7296875 0.462 0.709375 0.495312 0.6171875 0.6562 0.5546875 0.76562 0.559375 0.7687 0.56875 0.77 0.5875 0.787 0.63125 0.81562 0.634375 0.8187 0.6390625 0.810937 0.6484375 0.79687 0.653125 0.792187 0.671875 0.764062 0.709375 0.7062 0.8296875 0.529687 0.8328125 0.52 0.8328125 0.520312 0.8296875 0.51562 0.8234375 0.5062 0.7984375 0.4687 0.79375 0.464062 0.759375 0.410937 
0 0.1921875 0.351562 0.0984375 0.44687 0.0984375 0.4 0.1046875 0.457812 0.1140625 0.47187 0.125 0.49062 0.1765625 0.5687 0.2015625 0.6062 0.2140625 0.595312 0.2375 0.570312 0.2875 0.517187 0.3359375 0.46562 0.359375 0.44062 0.3765625 0.42187 0.3671875 0.412 0.3546875 0.40312 0.34375 0.392187 0.3421875 0.389062 0.3390625 0.3812 0.334375 0.3687 0.3203125 0.326562 0.3125 0.30937 0.3109375 0.301562 0.309375 0.298437 0.296875 0.298437 0.2515625 0.295312 
0 0.6078125 0.187 0.6046875 0.1937 0.6 0.207812 0.5734375 0.29062 0.5703125 0.298437 0.56875 0.30312 0.5625 0.30937 0.5515625 0.31562 0.546875 0.3187 0.5453125 0.323437 0.534375 0.3437 0.5109375 0.392187 0.4890625 0.437 0.4703125 0.476562 0.475 0.479687 0.48125 0.482812 0.4875 0.485937 0.5015625 0.4937 0.5140625 0. 0.5359375 0.510937 0.54375 0.512 0.559375 0.51562 0.584375 0.5187 0.5921875 0.520312 0.5984375 0.52187 0.6015625 0.523437 0.6078125 0.52812 0.6203125 0.537 0.640625 0.55312 0.646875 0.55937 0.65 0.560937 0.653125 0.554687 0.659375 0.54687 0.6734375 0.523437 0.703125 0.473437 0.7171875 0.45312 0.7671875 0.37187 0.771875 0.364062 0.775 0.3562 0.7703125 0.3 0.721875 0. 0.671875 0.248437 0.621875 0.19687 
0 0.715625 0.04062 0.709375 0.042187 0.703125 0.04687 0.6875 0.05937 0.68125 0.064062 0.6375 0.098437 0.6296875 0.104687 0.6203125 0.117187 0.6140625 0.12 0.6046875 0.139062 0.5984375 0.145312 0.596875 0.148437 0.6 0.151562 0.6296875 0.182812 0.7484375 0.307812 0.778125 0.34062 0.7890625 0.34687 0.7921875 0.34687 0.803125 0.342187 0.8140625 0.337 0.8171875 0.335937 0.8203125 0.33437 0.834375 0.32187 0.8515625 0.304687 0.85625 0.29687 0.865625 0.2812 0.8765625 0.262 0.8828125 0.251562 0.8890625 0.24062 0.903125 0.21562 0.9046875 0.212 0.90625 0.20937 0.90625 0.198437 0.9046875 0.19062 0.903125 0.182812 0.9015625 0.17812 0.8921875 0.170312 0.8765625 0.157812 0.81875 0.110937 0.7375 0.045312 0.7296875 0.039062 
0 0.534375 0.00937 0.503125 0.037 0.503125 0.04062 0.5015625 0.060937 0.5 0.064062 0.4890625 0.076562 0.465625 0.10312 0.40625 0.1687 0.384375 0.195312 0.3484375 0.23437 0.325 0.260937 0.3140625 0.273437 0.3125 0.276562 0.3140625 0.279687 0.315625 0.28437 0.3234375 0.30312 0.346875 0.360937 0.3515625 0.3687 0.3546875 0.376562 0.35625 0.3812 0.3875 0.410937 0.4171875 0.439062 0.446875 0.467187 0.45625 0.47 0.4578125 0.47187 0.4609375 0.46562 0.471875 0.4437 0.471875 0.44062 0.5140625 0.357812 0.5140625 0.354687 0.5375 0.307812 0.5390625 0.304687 0.5484375 0.298437 0.5546875 0.292187 0.55625 0.289062 0.559375 0.2812 0.5671875 0.260937 0.5921875 0.192187 0.5984375 0.179687 0.5984375 0.176562 0.6 0.173437 0.59375 0.167187 0.5734375 0.148437 0.58125 0.14062 0.5921875 0.126562 0.603125 0.114062 0.615625 0.101562 0.6203125 0.095312 0.61875 0.092187 0.596875 0.0687 0.5734375 0.045312 0.5515625 0.020312 
