0 0.1828125 0.598437 0.1546875 0.623437 0.1265625 0.64687 0.028125 0.73437 0.0140625 0.74687 0.04375 0.77 0.0484375 0.776562 0.05625 0.77812 0.0640625 0.779687 0.0890625 0.78437 0.1265625 0.78437 0.1390625 0.782812 0.146875 0.7812 0.1609375 0.77812 0.175 0.773437 0.1828125 0.77187 0.1890625 0.770312 0.1984375 0.77187 0.209375 0.773437 0.2375 0.77812 0.246875 0.7812 0.2546875 0.782812 0.2578125 0.782812 0.2796875 0.760937 0.303125 0.735937 0.325 0.710937 0.278125 0.664062 0.1984375 0.585937 
0 0.45 0. 0.4328125 0.620312 0.3640625 0.695312 0.3453125 0.714062 0.29375 0.770312 0.2765625 0.789062 0.275 0.792187 0.278125 0.7937 0.284375 0.79687 0.303125 0.8062 0.30625 0.8062 0.3921875 0.8 0.4015625 0.8 0.4171875 0.84687 0.4484375 0.84062 0.5046875 0.829687 0.615625 0.807812 0.7109375 0.787 0.7171875 0.785937 0.709375 0.779687 0.69375 0.767187 0.6453125 0.72812 0.5578125 0.65937 0.55 0.651562 0.4796875 0.595312 0.471875 0.589062 
0 0.2953125 0.501562 0.215625 0.5687 0.2046875 0.579687 0.2171875 0.592187 0.2375 0.60937 0.3171875 0.68437 0.3375 0.701562 0.353125 0.68437 0.384375 0.6 0.43125 0.598437 0.4453125 0.582812 0.453125 0.57187 0.44375 0.564062 0.428125 0.551562 0.34375 0.482812 0.3359375 0.476562 0.3296875 0.47187 
0 0.871875 0.482812 0.8421875 0.50937 0.8140625 0.537 0.75625 0.59062 0.66875 0.673437 0.640625 0. 0.6390625 0.70312 0.6484375 0.70937 0.65625 0.717187 0.6890625 0.7437 0.721875 0.7687 0.7296875 0.776562 0.7359375 0.7812 0.7453125 0.779687 0.7640625 0.776562 0.7921875 0.77187 0.8375 0.764062 0.846875 0.762 0.8515625 0.760937 0.85625 0.757812 0.8703125 0.748437 0.878125 0.745312 0.8921875 0.7 0.9 0.751562 0.909375 0.7 0.925 0.74687 0.9421875 0.7437 0.9578125 0.74062 0.965625 0.739062 0.96875 0.737 0.96875 0.73437 0.971875 0.726562 0.975 0.714062 0.9890625 0.657812 0.990625 0.651562 0.984375 0.6 0.9765625 0.64687 0.959375 0.6437 0.9421875 0.639062 0.9390625 0.637 0.9359375 0.6312 0.934375 0.62 0.93125 0.610937 0.9296875 0.604687 0.925 0.58437 0.8984375 0.4687 0.8984375 0.462 
0 0.446875 0.404687 0.434375 0.423437 0.43125 0.4312 0.390625 0.49687 0.3890625 0. 0.390625 0.504687 0.3984375 0.510937 0.421875 0.529687 0.446875 0.5 0.51875 0.6062 0.5265625 0.614062 0.55 0.632812 0.5578125 0.639062 0.5640625 0.6437 0.5859375 0.62187 0.63125 0.57 0.6453125 0.55937 0.640625 0.554687 0.63125 0.54687 0.621875 0.54062 0.5953125 0.5187 0.4984375 0.437 0.471875 0.41562 0.4625 0.40937 0.4546875 0.401562 
0 0.784375 0.439062 0.621875 0.607812 0.58125 0.648437 0.578125 0.654687 0.584375 0.660937 0.5984375 0.67187 0.6109375 0.68437 0.6234375 0.695312 0.6265625 0.695312 0.6578125 0.66562 0.7203125 0.604687 0.7828125 0.5437 0.8453125 0.482812 0.8875 0.44062 0.8890625 0.437 0.890625 0.42 0.890625 0.410937 0.8875 0.404687 0.8703125 0.370312 0.8609375 0.360937 
0 0.5484375 0.260937 0.540625 0.27187 0.53125 0.2812 0.490625 0.329687 0.484375 0.337 0.48125 0.342187 0.453125 0.385937 0.453125 0.389062 0.459375 0.3937 0.475 0.4062 0.503125 0.42812 0.5890625 0.495312 0.653125 0.545312 0.6578125 0.54687 0.765625 0.437 0.759375 0.4312 0.7421875 0.417187 0.709375 0.387 0.6625 0.3437 0.6140625 0.301562 0.5984375 0.285937 0.5828125 0.27187 0.5671875 0.257812 
0 0.6171875 0.189062 0.5921875 0.2187 0.584375 0.22812 0.5765625 0.237 0.571875 0.2437 0.5828125 0.254687 0.5984375 0.267187 0.6125 0.2812 0.65625 0.3187 0.7140625 0.37187 0.7578125 0.40937 0.771875 0.423437 0.7765625 0.426562 0.8328125 0.370312 0.8515625 0.3 0.8515625 0.34687 0.8484375 0.34062 0.8453125 0.332812 0.8375 0.3187 0.8375 0.31562 0.834375 0.30937 0.79375 0.3 0.7515625 0.389062 0.7421875 0.37812 0.825 0.2937 0.821875 0.29062 0.8171875 0.282812 0.803125 0.2562 0.7984375 0.2 0.7859375 0.262 0.771875 0.279687 0.7296875 0.32 0.715625 0.342187 0.7109375 0.34687 0.7015625 0.337 0.7125 0.326562 0.7234375 0.312 0.7703125 0.25937 0.7828125 0.24687 0.790625 0.237 0.7828125 0.2312 0.7765625 0.226562 0.7703125 0.22187 0.7453125 0.22187 0.734375 0.232812 0.696875 0.276562 0.6828125 0.29062 0.66875 0.307812 0.665625 0.304687 0.659375 0.301562 0.65625 0.298437 0.6765625 0.27812 0.696875 0.2562 0.71875 0.232812 0.7328125 0.21562 0.7296875 0.214062 0.7265625 0.212 0.7234375 0.212 0.69375 0.198437 0.690625 0.198437 0.6796875 0.210937 0.646875 0.2 0.6359375 0.262 0.6265625 0.270312 0.6234375 0.2687 0.61875 0.262 0.625 0.2562 0.640625 0.235937 0.6546875 0.21562 0.6609375 0.20937 0.6703125 0.195312 0.675 0.19062 0.6671875 0.189062 0.659375 0.185937 0.6453125 0.18437 0.6375 0.1812 0.63125 0.1812 
0 0.434375 0.0937 0.4375 0.117187 0.4328125 0.123437 0.4265625 0.1312 0.4203125 0.137 0.3734375 0.137 0.3703125 0.135937 0.35625 0.12812 0.3484375 0.123437 0.3359375 0.114062 0.328125 0.10937 0.325 0.107812 0.315625 0.107812 0.3015625 0.10937 0.2890625 0.110937 0.2859375 0.11562 0.28125 0.123437 0.2765625 0.1312 0.2734375 0.139062 0.25625 0.16562 0.2546875 0.170312 0.253125 0.1812 0.25 0.187 0.25 0.192187 0.2484375 0.19687 0.25625 0.198437 0.26875 0. 0.31875 0.212 0.3328125 0.214062 0.4390625 0.239062 0.5171875 0.2562 0.525 0.257812 0.53125 0.257812 0.5375 0.251562 0.5515625 0.235937 0.58125 0.20312 0.5953125 0.187 0.6078125 0.173437 0.6 0.170312 0.59375 0.170312 0.5875 0.1687 0.58125 0.167187 0.575 0.164062 0.5703125 0.1562 0.55625 0.139062 0.5390625 0.114062 0.534375 0.10937 0.53125 0.104687 0.528125 0.10312 0.51875 0.101562 0.4984375 0.098437 0.4421875 0.089062 
0 0.684375 0.076562 0.68125 0.09062 0.6640625 0.157812 0.6625 0.167187 0.665625 0.1687 0.671875 0.17187 0.6890625 0.179687 0.7234375 0.195312 0.73125 0.198437 0.7359375 0. 0.7546875 0.201562 0.7671875 0.204687 0.7984375 0.212 0.803125 0.214062 0.80625 0.217187 0.809375 0.22187 0.8125 0.22812 0.8171875 0.232812 0.8296875 0.25312 0.840625 0.2687 0.878125 0.2687 0.940625 0.270312 0.95625 0.2687 0.96875 0.267187 0.9875 0.248437 0.978125 0.242187 0.9703125 0.239062 0.9515625 0.226562 0.9078125 0.201562 0.8125 0.14687 0.79375 0.13437 0.7 0.079687 0.6921875 0.076562 0.6890625 0.073437 
