0 0.43125 0.814062 0.384375 0.8187 0.3375 0.82 0.2671875 0.83437 0.234375 0.839062 0.2140625 0.842187 0.14375 0.85312 0.1140625 0.857812 0.1046875 0.85937 0.096875 0.860937 0.0859375 0.864062 0.0703125 0.8687 0.059375 0.873437 0.05625 0.873437 0.05625 0.87812 0.0578125 0.89687 0.0609375 0.93437 0.0640625 0.95312 0.0640625 0.9687 0.0671875 0.970312 0.075 0.97187 0.08125 0.973437 0.090625 0.97187 0.1078125 0.9687 0.15 0.960937 0.1921875 0.951562 0.209375 0.948437 0.21875 0.94687 0.228125 0.945312 0.2609375 0.94062 0.3171875 0.932812 0.384375 0.923437 0.440625 0.91562 0.4515625 0.91562 0.4625 0.914062 0.4625 0. 0.4609375 0.88437 0.45625 0.837 0.4546875 0.82187 0.453125 0.810937 
0 0.309375 0.67812 0.246875 0.685937 0.1 0.707812 0.090625 0.70937 0.0859375 0.712 0.059375 0.7312 0.0546875 0.7437 0.053125 0.757812 0.0515625 0.77187 0.05 0.785937 0.05 0.792187 0.0515625 0.80312 0.0546875 0.814062 0.0546875 0.823437 0.0578125 0.835937 0.0625 0.835937 0.0734375 0.84062 0.0828125 0.84062 0.1 0.837 0.1453125 0.829687 0.234375 0.812 0.2609375 0.80937 0.296875 0.801562 0.3234375 0.79687 0.33125 0.79687 0.3421875 0.7937 0.3421875 0.745312 0.340625 0.689062 0.3390625 0.673437 
0 0.44375 0.660937 0.4140625 0.66562 0.3671875 0.673437 0.3578125 0.67 0.3546875 0.676562 0.3546875 0.6937 0.3578125 0.717187 0.359375 0.75937 0.3609375 0.7812 0.3625 0.792187 0.3734375 0.79062 0.4046875 0.785937 0.4796875 0.77 0.490625 0.77187 0.4984375 0.77187 0.4984375 0.762 0.4953125 0.7 0.4921875 0.71562 0.4875 0.6812 0.4859375 0.670312 0.484375 0.65937 0.4828125 0.654687 
0 0.31875 0.564062 0.2765625 0.57187 0.209375 0.585937 0.1171875 0.60312 0.0921875 0.6062 0.0671875 0.610937 0.059375 0.612 0.05 0.61562 0.0484375 0.62187 0.046875 0.637 0.046875 0.65312 0.053125 0.679687 0.053125 0.687 0.059375 0.687 0.071875 0.685937 0.0953125 0.682812 0.1453125 0.676562 0.2078125 0.6687 0.2203125 0.66562 0.31875 0.654687 0.33125 0.65312 0.3359375 0.651562 0.3359375 0.612 0.334375 0.567187 0.3328125 0.562 
0 0.80625 0.49062 0.7875 0.4937 0.75 0. 0.54375 0.53437 0.534375 0.537 0.440625 0.55312 0.4328125 0.55312 0.4328125 0.5562 0.4265625 0.57187 0.4265625 0.58437 0.428125 0.601562 0.4296875 0.6187 0.43125 0.6312 0.4421875 0.629687 0.4640625 0.626562 0.4984375 0.62187 0.609375 0.6062 0.7203125 0.589062 0.73125 0.589062 0.81875 0.576562 0.83125 0.573437 0.83125 0.4937 0.828125 0.492187 0.825 0.492187 0.8203125 0.489062 
0 0.30625 0.460937 0.28125 0.46562 0.2234375 0.47187 0.09375 0.489062 0.0703125 0.492187 0.059375 0.4937 0.0546875 0.495312 0.05 0. 0.04375 0.50937 0.0375 0.51562 0.0390625 0.526562 0.040625 0.539062 0.046875 0.573437 0.046875 0.58437 0.0546875 0.58437 0.0765625 0.5812 0.1859375 0.56562 0.196875 0.562 0.315625 0.54687 0.328125 0.5437 0.328125 0.52 0.3265625 0.4812 0.325 0.45937 
0 0.3640625 0.451562 0.3375 0.45312 0.3390625 0.47 0.34375 0.542187 0.3484375 0.607812 0.35 0.629687 0.3515625 0.6 0.3609375 0.648437 0.3703125 0.64687 0.3796875 0.6437 0.3984375 0.64062 0.40625 0.64062 0.40625 0.612 0.4046875 0.570312 0.403125 0.52812 0.4015625 0.485937 0.4 0.448437 
0 0.7890625 0.3812 0.75625 0.387 0.6328125 0.412 0.6078125 0.417187 0.59375 0.4187 0.5671875 0.420312 0.5421875 0.420312 0.525 0.42187 0.5109375 0.42 0.478125 0.43437 0.4640625 0.437 0.45625 0.439062 0.4375 0.442187 0.4296875 0.442187 0.4265625 0.445312 0.425 0.4 0.4234375 0.4562 0.4234375 0.49687 0.425 0.52 0.4484375 0.52 0.48125 0.520312 0.6421875 0.495312 0.653125 0.4937 0.6640625 0.492187 0.7203125 0.48437 0.7765625 0.476562 0.7875 0.476562 0.809375 0.473437 0.8203125 0.47187 0.8234375 0.470312 0.8234375 0.457812 0.825 0.379687 0.81875 0.379687 
0 0.53125 0.262 0.5203125 0.264062 0.4921875 0.2687 0.4609375 0.27 0.334375 0.295312 0.140625 0.326562 0.0625 0.339062 0.053125 0.339062 0.04375 0.34062 0.0375 0.342187 0.0375 0.4687 0.0453125 0.4687 0.06875 0.464062 0.1265625 0.4562 0.20625 0.44687 0.4359375 0.414062 0.4703125 0.410937 0.528125 0.401562 0.5390625 0.401562 0.5515625 0.39687 0.55 0.3562 0.5484375 0.314062 0.546875 0.273437 0.5453125 0.260937 
0 0.4609375 0.137 0.4375 0.14062 0.3921875 0.14687 0.3 0.15937 0.103125 0.185937 0.0453125 0.195312 0.034375 0.195312 0.0265625 0.19687 0.0265625 0.210937 0.0328125 0.22187 0.0375 0.232812 0.0375 0.2437 0.0359375 0.260937 0.0390625 0.276562 0.040625 0.28437 0.0515625 0.295312 0.0703125 0.29687 0.09375 0.29687 0.125 0.292187 0.1765625 0.28437 0.3515625 0.257812 0.371875 0.254687 0.4671875 0.239062 0.478125 0.237 0.4859375 0.235937 0.4953125 0.226562 0.4953125 0.22187 0.4921875 0.2062 0.484375 0.1687 0.48125 0.160937 0.4796875 0.14687 0.478125 0.139062 0.4765625 0.135937 
0 0.9125 0.073437 0.8015625 0.092187 0.6890625 0.110937 0.665625 0.114062 0.59375 0.12187 0.5453125 0.129687 0.521875 0.1312 0.5109375 0.132812 0.5109375 0.135937 0.5078125 0.142187 0.5078125 0.14687 0.50625 0.151562 0.509375 0.17 0.5125 0.198437 0.5171875 0.22187 0.5171875 0.2312 0.53125 0.2312 0.5578125 0.229687 0.5765625 0.226562 0.6171875 0.220312 0.725 0.201562 0.79375 0.19062 0.8140625 0.187 0.946875 0.167187 0.95625 0.167187 0.9671875 0.16562 0.9734375 0.164062 0.9734375 0.157812 0.971875 0.142187 0.9671875 0.095312 0.965625 0.079687 0.9640625 0.0687 0.959375 0.0687 
0 0.4234375 0.020312 0.4015625 0.023437 0.3578125 0.029687 0.084375 0.0687 0.075 0.070312 0.0671875 0.07187 0.053125 0.076562 0.0484375 0.076562 0.0484375 0.114062 0.05 0.1687 0.0515625 0.173437 0.0609375 0.173437 0.071875 0.17187 0.09375 0.1687 0.1453125 0.160937 0.3375 0.1312 0.390625 0.123437 0.4328125 0.1187 0.4421875 0.117187 0.4515625 0.120312 0.4625 0.12187 0.465625 0.120312 0.478125 0.110937 0.48125 0.107812 0.4796875 0.09687 0.478125 0.085937 0.475 0.062 0.46875 0.02812 0.46875 0.0187 
