0 0.56875 0.887 0.565625 0.89687 0.546875 0.95312 0.55 0.954687 0.55625 0.9562 0.5703125 0.95937 0.60625 0.96562 0.7359375 0.995312 0.74375 0.99687 0.753125 0.998437 0.7546875 0.995312 0.75625 0.989062 0.759375 0.976562 0.759375 0.97187 0.7546875 0.97187 0.7421875 0.9687 0.7390625 0.967187 0.7359375 0.962 0.734375 0.95937 0.73125 0.94687 0.728125 0.94062 0.725 0.939062 0.7140625 0.935937 0.6796875 0.923437 0.609375 0.895312 
0 0.2890625 0.789062 0.2859375 0.7937 0.2828125 0.8062 0.275 0.823437 0.265625 0.85312 0.2578125 0.870312 0.2546875 0.882812 0.253125 0.885937 0.2578125 0.885937 0.265625 0.887 0.2734375 0.89062 0.2875 0.892187 0.3453125 0.9062 0.5265625 0.945312 0.5328125 0.94687 0.534375 0.942187 0.540625 0.92 0.55625 0.87812 0.55625 0.87 0.553125 0.873437 0.55 0.87187 0.540625 0.8687 0.521875 0.862 0.490625 0.851562 0.43125 0.832812 0.3125 0.792187 0.3078125 0.789062 0.29375 0.78437 
0 0.1390625 0.732812 0.1375 0.737 0.134375 0.748437 0.13125 0.764062 0.1109375 0.82812 0.1078125 0.839062 0.1078125 0.848437 0.1140625 0.8 0.1328125 0.854687 0.1390625 0.854687 0.196875 0.870312 0.2359375 0.879687 0.24375 0.8812 0.2453125 0.87812 0.246875 0.873437 0.25 0.864062 0.25625 0.845312 0.275 0.789062 0.278125 0.77812 0.2734375 0.776562 0.2640625 0.773437 0.2390625 0.764062 0.2 0.751562 0.178125 0.742187 0.1609375 0.737 0.15625 0.73437 0.14375 0.7312 
0 0.425 0.707812 0.425 0.712 0.4203125 0.723437 0.4078125 0.760937 0.4078125 0.76562 0.3953125 0. 0.396875 0.804687 0.4015625 0.8062 0.4109375 0.80937 0.4421875 0.8187 0.446875 0.82187 0.515625 0.8437 0.5890625 0.870312 0.6625 0.895312 0.6765625 0. 0.68125 0. 0.6828125 0.89687 0.6859375 0.89062 0.69375 0.873437 0.69375 0.870312 0.6953125 0.867187 0.696875 0.864062 0.703125 0.860937 0.725 0.85312 0.7296875 0.851562 0.734375 0.8 0.7421875 0.8 0.753125 0.85312 0.7796875 0.862 0.7890625 0.864062 0.7921875 0.86562 0.79375 0.862 0.7953125 0.854687 0.8015625 0.842187 0.8015625 0.839062 0.803125 0.835937 0.8 0.83437 0.796875 0.83437 0.7921875 0.8312 0.778125 0.826562 0.7609375 0.820312 0.715625 0.804687 0.6625 0.787 0.496875 0.729687 0.434375 0.707812 0.4296875 0.704687 
0 0.6421875 0.657812 0.6359375 0.67187 0.6265625 0.692187 0.609375 0.732812 0.6015625 0.74687 0.6015625 0.7 0.6046875 0.751562 0.609375 0.75312 0.6171875 0.754687 0.65625 0.770312 0.7125 0.789062 0.7515625 0.804687 0.76875 0.80937 0.790625 0.8187 0.803125 0.82187 0.80625 0.823437 0.8078125 0.820312 0.8078125 0.817187 0.8109375 0.812 0.8125 0.804687 0.8296875 0.764062 0.8375 0.7437 0.8421875 0.7312 0.84375 0.726562 0.8375 0.723437 0.825 0.720312 0.7984375 0.70937 0.653125 0.657812 
0 0.4625 0.59687 0.4609375 0.601562 0.4578125 0.610937 0.43125 0.69062 0.434375 0.692187 0.44375 0.695312 0.4578125 0. 0.484375 0.710937 0.559375 0.737 0.5859375 0.74687 0.590625 0.74687 0.5921875 0.7437 0.5953125 0.735937 0.6015625 0.72187 0.625 0.66562 0.628125 0.657812 0.6296875 0.65312 0.6265625 0.651562 0.621875 0.6 0.6140625 0.648437 0.5953125 0.64062 0.4765625 0.598437 0.471875 0.595312 0.4671875 0.5937 
0 0.04375 0.576562 0.040625 0.585937 0.034375 0.604687 0.0140625 0.66562 0.015625 0.670312 0.0203125 0.67187 0.0328125 0.67 0.0375 0.67812 0.06875 0.687 0.0734375 0.69062 0.140625 0.712 0.315625 0.77 0.346875 0.78437 0.3515625 0.787 0.378125 0.795312 0.38125 0.79687 0.3828125 0.7937 0.384375 0.789062 0.3859375 0.7812 0.4 0.74687 0.4125 0.712 0.415625 0.70312 0.4125 0.70312 0.4078125 0. 0.39375 0.695312 0.3671875 0.685937 0.3140625 0.667187 0.1296875 0.60312 0.103125 0.592187 0.0625 0.57812 0.05 0.573437 
0 0.0859375 0.467187 0.084375 0.470312 0.08125 0.482812 0.0625 0.529687 0.05625 0.54687 0.053125 0.5562 0.053125 0.55937 0.05625 0.55937 0.0625 0.562 0.0703125 0.56562 0.09375 0.573437 0.1390625 0.589062 0.353125 0.664062 0.384375 0.673437 0.3890625 0.676562 0.415625 0.68437 0.4203125 0.68437 0.421875 0.6812 0.4234375 0.673437 0.4328125 0.6 0.4453125 0.614062 0.4515625 0.592187 0.453125 0.589062 0.45 0.587 0.4453125 0.585937 0.4359375 0.582812 0.409375 0.57 0.4046875 0.57187 0.35 0.55312 0.13125 0.47812 0.090625 0.46562 
0 0.115625 0.3562 0.109375 0.37 0.109375 0.379687 0.096875 0.414062 0.096875 0.4187 0.0875 0.4437 0.0890625 0.448437 0.09375 0.4 0.1109375 0.454687 0.115625 0.457812 0.1515625 0.470312 0.1875 0.4812 0.3 0.520312 0.7140625 0.66562 0.790625 0.692187 0.803125 0.695312 0.80625 0.69687 0.80625 0.6937 0.809375 0.68437 0.8125 0.667187 0.8140625 0.6 0.8171875 0.64062 0.8171875 0.632812 0.80625 0.620312 0.809375 0.598437 0.8078125 0.592187 0.8 0.59062 0.7953125 0.587 0.7734375 0.5812 0.76875 0.57812 0.7171875 0.560937 0.5875 0.51562 0.5609375 0.504687 0.246875 0.395312 0.2203125 0.38437 0.140625 0.3562 0.121875 0.3 
0 0.678125 0.304687 0.6765625 0.312 0.6703125 0.326562 0.6484375 0.387 0.6453125 0.392187 0.6453125 0.395312 0.64375 0.398437 0.646875 0.398437 0.653125 0.401562 0.6671875 0.4062 0.6953125 0.41562 0.825 0.45937 0.921875 0.49062 0.9265625 0.49062 0.928125 0.485937 0.9328125 0.4687 0.9546875 0.410937 0.95625 0.40312 0.9578125 0. 0.9546875 0. 0.9484375 0.39687 0.9359375 0.392187 0.9234375 0.387 0.8828125 0.373437 0.71875 0.314062 0.696875 0.3062 0.6828125 0.301562 
0 0.153125 0.2437 0.1515625 0.248437 0.1484375 0.257812 0.140625 0.28437 0.1375 0.289062 0.1234375 0.33437 0.121875 0.337 0.125 0.337 0.134375 0.342187 0.1609375 0.351562 0.20625 0.367187 0.2953125 0.398437 0.5796875 0.498437 0.7 0.54062 0.79375 0.573437 0.8125 0.579687 0.8171875 0.579687 0.8203125 0.57812 0.828125 0.573437 0.8453125 0.560937 0.8484375 0.55937 0.8734375 0.557812 0.8984375 0.557812 0.8984375 0.554687 0.903125 0.539062 0.909375 0.523437 0.909375 0.5187 0.9140625 0.507812 0.9140625 0.504687 0.9109375 0.50312 0.9078125 0.501562 0.8984375 0.498437 0.875 0.49062 0.8359375 0.476562 0.8 0.46562 0.6875 0.42 0.4265625 0.33437 0.2015625 0.2562 0.1609375 0.242187 0.1578125 0.242187 
0 0.1890625 0.132812 0.1859375 0.142187 0.18125 0.15937 0.16875 0.2062 0.1640625 0.217187 0.1640625 0.22187 0.1625 0.226562 0.165625 0.226562 0.171875 0.229687 0.1796875 0.232812 0.203125 0.24062 0.246875 0.2562 0.3203125 0.282812 0.509375 0.3 0.628125 0.392187 0.63125 0.392187 0.634375 0.3937 0.634375 0.39062 0.6375 0.38437 0.6453125 0.360937 0.6609375 0.312 0.665625 0.29687 0.65625 0.292187 0.63125 0.28437 0.578125 0.26562 0.2046875 0.132812 
0 0.2296875 0.02 0.2265625 0.03437 0.21875 0.057812 0.2046875 0.101562 0.2015625 0.1062 0.2 0.110937 0.2 0.114062 0.203125 0.114062 0.209375 0.117187 0.221875 0.12187 0.2484375 0.1312 0.30625 0.151562 0.540625 0.23437 0.6203125 0.260937 0.9390625 0.373437 0.94375 0.376562 0.9578125 0.3812 0.9625 0.379687 0.9640625 0.37187 0.9671875 0.367187 0.975 0.345312 0.9765625 0.34062 0.971875 0.337 0.9578125 0.329687 0.9375 0.320312 0.934375 0.3187 0.9328125 0.31562 0.934375 0.30937 0.9390625 0.298437 0.9421875 0.287 0.9234375 0.2687 0.9140625 0.260937 0.9078125 0.257812 0.8953125 0.251562 0.8734375 0.2437 0.825 0.226562 0.728125 0.192187 0.24375 0.020312 0.2359375 0.0187 
