0 0.7203125 0.664062 0.6734375 0.712 0.6953125 0.735937 0.71875 0.75937 0.740625 0.782812 0.74375 0.782812 0.7515625 0.7812 0.7609375 0.77812 0.7890625 0.773437 0.8 0.77187 0.809375 0.770312 0.815625 0.77187 0.8234375 0.773437 0.8375 0.77812 0.8515625 0.7812 0.859375 0.782812 0.871875 0.78437 0.909375 0.78437 0.934375 0.779687 0.9421875 0.77812 0.95 0.776562 0.9546875 0.77 0.984375 0.74687 0.9703125 0.73437 0.9421875 0.70937 0.871875 0.64687 0.815625 0.598437 0.803125 0.585937 
0 0.528125 0.589062 0.51875 0.595312 0.503125 0.607812 0.4484375 0.651562 0.440625 0.65937 0.353125 0.72812 0.2890625 0.779687 0.28125 0.787 0.2875 0.787 0.296875 0.79062 0.31875 0.7937 0.3828125 0.807812 0.49375 0.829687 0.596875 0.8 0.60625 0.8 0.6125 0.84687 0.625 0.84062 0.6921875 0.8062 0.6953125 0.8062 0.7234375 0.792187 0.721875 0.789062 0.7046875 0.77187 0.653125 0.714062 0.634375 0.695312 0.5484375 0. 
0 0.6546875 0.482812 0.63125 0.50312 0.5546875 0.564062 0.5453125 0.57187 0.553125 0.582812 0.5671875 0.598437 0.6453125 0.68437 0.6609375 0.701562 0.68125 0.68437 0.7609375 0.60937 0.78125 0.592187 0.79375 0.579687 0.7828125 0.5687 0.759375 0.5 0.68125 0.482812 0.6703125 0.47187 
0 0.1 0.462 0.1 0.4687 0.09375 0.49062 0.0734375 0.58437 0.0640625 0.62 0.0625 0.6312 0.059375 0.637 0.05625 0.639062 0.05 0.64062 0.0390625 0.6437 0.0265625 0.64687 0.0140625 0.6 0.0078125 0.651562 0.009375 0.657812 0.0125 0.670312 0.0265625 0.726562 0.028125 0.732812 0.0296875 0.737 0.0328125 0.739062 0.0390625 0.739062 0.05625 0.7437 0.0890625 0.7 0.1 0.751562 0.10625 0.7 0.1203125 0.745312 0.1234375 0.7437 0.128125 0.748437 0.1421875 0.757812 0.146875 0.760937 0.1515625 0.762 0.1609375 0.764062 0.1796875 0.767187 0.20625 0.77187 0.253125 0.779687 0.2625 0.7812 0.2671875 0.776562 0.2765625 0.7687 0.309375 0.7437 0.3421875 0.717187 0.35 0.70937 0.359375 0.70312 0.3578125 0. 0.3296875 0.673437 0.2421875 0.59062 0.184375 0.537 0.15625 0.50937 0.128125 0.482812 
0 0.5453125 0.401562 0.5359375 0.40937 0.5265625 0.41562 0.5 0.437 0.3765625 0.54062 0.3671875 0.54687 0.3578125 0.554687 0.353125 0.55937 0.3671875 0.573437 0.4125 0.62187 0.434375 0.6437 0.4390625 0.639062 0.4484375 0.632812 0.471875 0.614062 0.4796875 0.6062 0.5515625 0.5 0.6 0.510937 0.6078125 0.504687 0.609375 0. 0.6078125 0.49687 0.6 0.485937 0.5671875 0.4312 0.5640625 0.423437 
0 0.125 0.376562 0.1078125 0.410937 0.1078125 0.42 0.109375 0.437 0.1109375 0.44062 0.153125 0.482812 0.215625 0.5437 0.278125 0.604687 0.340625 0.66562 0.371875 0.695312 0.375 0.695312 0.3875 0.68437 0.4 0.67187 0.4140625 0.660937 0.4203125 0.65312 0.4171875 0.648437 0.3765625 0.607812 0.2140625 0.437 0.175 0.39687 0.1390625 0.360937 
0 0.4328125 0.257812 0.4171875 0.27187 0.4 0.285937 0.384375 0.301562 0.3359375 0.3437 0.25625 0.417187 0.2390625 0.4312 0.2328125 0.439062 0.3421875 0.54687 0.3453125 0.545312 0.353125 0.539062 0.3734375 0.52187 0.409375 0.495312 0.5234375 0.4062 0.5390625 0.3937 0.5453125 0.389062 0.5453125 0.385937 0.5421875 0.3812 0.5328125 0.3687 0.5171875 0.342187 0.5140625 0.337 0.5078125 0.329687 0.490625 0.30937 0.4671875 0.2812 0.4578125 0.27187 0.45 0.262 
0 0.3609375 0.1812 0.353125 0.18437 0.3390625 0.185937 0.33125 0.189062 0.3234375 0.19062 0.328125 0.195312 0.3375 0.20937 0.34375 0.21562 0.3578125 0.235937 0.3734375 0.2562 0.3796875 0.264062 0.375 0.2687 0.3703125 0.270312 0.3625 0.262 0.3515625 0.248437 0.31875 0.210937 0.3078125 0.198437 0.3046875 0.198437 0.2984375 0.201562 0.275 0.212 0.271875 0.212 0.265625 0.21562 0.2796875 0.232812 0.3015625 0.2562 0.321875 0.27812 0.3421875 0.298437 0.3390625 0.301562 0.3328125 0.304687 0.3296875 0.307812 0.315625 0.29062 0.3015625 0.276562 0.2640625 0.23437 0.253125 0.22187 0.228125 0.22187 0.221875 0.226562 0.2171875 0.2312 0.2078125 0.237 0.215625 0.245312 0.228125 0.25937 0.275 0.312 0.2859375 0.326562 0.296875 0.337 0.2875 0.34687 0.2828125 0.342187 0.26875 0.326562 0.2125 0.262 0.2 0.2 0.1953125 0.2562 0.1890625 0.267187 0.18125 0.282812 0.1765625 0.29062 0.1734375 0.295312 0.25625 0.379687 0.2453125 0.389062 0.2046875 0.3 0.1640625 0.30937 0.1625 0.312 0.1609375 0.31562 0.1609375 0.3187 0.153125 0.332812 0.146875 0.34687 0.146875 0.3 0.165625 0.370312 0.221875 0.426562 0.225 0.423437 0.240625 0.40937 0.284375 0.37187 0.3421875 0.3187 0.3859375 0.2812 0.4 0.267187 0.415625 0.254687 0.4265625 0.2437 0.421875 0.239062 0.4140625 0.22812 0.40625 0.2187 0.38125 0.189062 0.3734375 0.179687 
0 0.546875 0.09062 0.528125 0.0937 0.5171875 0.09687 0.4796875 0.101562 0.4703125 0.10312 0.4671875 0.104687 0.4640625 0.107812 0.459375 0.114062 0.4515625 0.12 0.428125 0.157812 0.4234375 0.164062 0.4171875 0.167187 0.4109375 0.1687 0.4046875 0.170312 0.3984375 0.170312 0.390625 0.173437 0.403125 0.185937 0.4171875 0.20312 0.446875 0.235937 0.4609375 0.251562 0.4671875 0.257812 0.4734375 0.257812 0.48125 0.2562 0.5015625 0.251562 0.509375 0.2 0.559375 0.239062 0.665625 0.214062 0.6796875 0.212 0.7421875 0.198437 0.75 0.19687 0.75 0.1937 0.7484375 0.187 0.7453125 0.1812 0.74375 0.170312 0.7421875 0.16562 0.7375 0.157812 0.725 0.139062 0.721875 0.1312 0.7125 0.11562 0.709375 0.110937 0.6984375 0.110937 0.6828125 0.107812 0.6734375 0.107812 0.6703125 0.10937 0.6625 0.114062 0.65 0.123437 0.6421875 0.12812 0.628125 0.135937 0.625 0.137 0.578125 0.137 0.571875 0.1312 0.565625 0.123437 0.5609375 0.11562 0.5640625 0.0937 0.5640625 0.089062 
0 0.30625 0.076562 0.2984375 0.079687 0.2796875 0.09062 0.2046875 0.13437 0.1859375 0.14687 0.046875 0.226562 0.028125 0.239062 0.0203125 0.242187 0.0109375 0.248437 0.0296875 0.267187 0.0421875 0.2687 0.0578125 0.270312 0.11875 0.270312 0.1578125 0.2687 0.1609375 0.264062 0.16875 0.25312 0.18125 0.232812 0.1859375 0.22812 0.1890625 0.22187 0.1921875 0.217187 0.1953125 0.214062 0.2 0.212 0.2125 0.20937 0.24375 0.201562 0.2625 0. 0.2671875 0.198437 0.275 0.195312 0.2921875 0.187 0.3265625 0.17187 0.3359375 0.167187 0.334375 0.157812 0.3296875 0.1437 0.3171875 0.09062 0.315625 0.07812 0.3140625 0.07187 
