0 0.51875 0.757812 0.515625 0.764062 0.5078125 0.779687 0.4953125 0.80312 0.4625 0.867187 0.4390625 0.914062 0.4390625 0.917187 0.4421875 0.9187 0.45625 0.92 0.471875 0.932812 0.5578125 0.973437 0.56875 0.97812 0.571875 0.97812 0.5734375 0.97 0.575 0.97187 0.5796875 0.960937 0.5890625 0.94062 0.6140625 0.887 0.6421875 0.826562 0.6421875 0.823437 0.6484375 0.810937 0.6453125 0.80937 0.6421875 0.807812 0.63125 0.80312 0.6109375 0.7937 0.5296875 0.7562 
0 0.4109375 0.662 0.4109375 0.66562 0.4046875 0.676562 0.39375 0. 0.3359375 0.8187 0.31875 0.854687 0.31875 0.857812 0.321875 0.85937 0.328125 0.862 0.340625 0.8687 0.365625 0.8812 0.428125 0.90937 0.4296875 0.9062 0.4359375 0.8937 0.4359375 0.89062 0.4484375 0.86562 0.5140625 0.729687 0.5140625 0.726562 0.521875 0.7062 0.51875 0.704687 0.515625 0.704687 0.4984375 0.695312 0.478125 0.687 0.440625 0.6687 0.4234375 0.660937 0.4203125 0.660937 0.415625 0.657812 
0 0.3 0. 0.296875 0.6062 0.290625 0.6187 0.278125 0.6437 0.2 0. 0.203125 0.801562 0.209375 0.804687 0.221875 0.810937 0.246875 0.823437 0.3078125 0.85312 0.309375 0.8 0.3125 0.8437 0.3203125 0.82812 0.334375 0.798437 0.390625 0.682812 0.390625 0.679687 0.4015625 0.65312 0.396875 0.6 0.3859375 0.645312 0.325 0.60937 0.3140625 0.604687 0.3109375 0.601562 
0 0.6125 0.560937 0.609375 0.567187 0.603125 0.579687 0.590625 0.604687 0.5234375 0.74062 0.5265625 0.742187 0.5296875 0.7437 0.54375 0.7 0.5703125 0.760937 0.6046875 0.776562 0.640625 0.792187 0.64375 0.792187 0.6546875 0.795312 0.65625 0.792187 0.6640625 0.776562 0.6640625 0.773437 0.6828125 0.737 0.71875 0.662 0.7359375 0.626562 0.7359375 0.623437 0.7375 0.61562 0.734375 0.614062 0.728125 0.610937 0.715625 0.604687 0.665625 0.579687 0.6625 0.579687 0.6171875 0.5562 
0 0.796875 0.545312 0.7953125 0.548437 0.790625 0.560937 0.778125 0.58437 0.6859375 0.77 0.6734375 0.801562 0.678125 0.804687 0.684375 0.807812 0.725 0.82812 0.7796875 0.85312 0.83125 0.879687 0.834375 0.879687 0.853125 0.889062 0.8546875 0.885937 0.8578125 0.879687 0.8625 0.870312 0.8734375 0.84687 0.8953125 0.801562 0.9609375 0.667187 0.9609375 0.664062 0.978125 0.62 0.975 0.623437 0.965625 0.6187 0.9625 0.6187 0.9421875 0.607812 0.91875 0.59687 0.8515625 0.567187 0.8078125 0.545312 0.8046875 0.545312 
0 0.1953125 0.504687 0.1921875 0.510937 0.1859375 0.523437 0.1734375 0.548437 0.1265625 0.642187 0.1265625 0.645312 0.0828125 0.732812 0.0859375 0.73437 0.096875 0.74062 0.1078125 0.74687 0.171875 0.7812 0.1828125 0.787 0.1890625 0.789062 0.190625 0.785937 0.190625 0.782812 0.196875 0.77187 0.2078125 0.748437 0.265625 0.626562 0.2859375 0.587 0.2859375 0.58437 0.3 0.5562 0.2953125 0.55312 0.2890625 0.5 0.271875 0.54062 0.225 0.51562 0.2015625 0.504687 
0 0.55625 0.370312 0.553125 0.376562 0.5453125 0.392187 0.5453125 0.395312 0.528125 0.42812 0.496875 0.492187 0.4375 0.612 0.425 0.639062 0.425 0.642187 0.428125 0.6437 0.434375 0.64687 0.446875 0.65312 0.475 0.667187 0.5265625 0.692187 0.5296875 0.692187 0.53125 0.689062 0.534375 0.682812 0.540625 0.670312 0.553125 0.6437 0.575 0.60312 0.6625 0.42187 0.659375 0.420312 0.6484375 0.41562 0.6453125 0.412 0.6234375 0.401562 0.5859375 0.3812 
0 0.4125 0.364062 0.409375 0.370312 0.403125 0.382812 0.378125 0.432812 0.378125 0.435937 0.340625 0.50937 0.3046875 0.582812 0.3046875 0.585937 0.3078125 0.587 0.3140625 0.59062 0.33125 0.598437 0.365625 0.614062 0.3828125 0.620312 0.396875 0.62812 0.4 0.62812 0.4125 0.63437 0.4140625 0.6312 0.4171875 0.62 0.421875 0.61562 0.4328125 0.59062 0.478125 0.501562 0.5203125 0.41562 0.5203125 0.412 0.5171875 0.410937 0.5109375 0.407812 0.4984375 0.401562 0.4703125 0.387 0.4671875 0.387 
0 0.16875 0.24687 0.165625 0.25312 0.153125 0.27812 0.134375 0.317187 0.028125 0.53437 0.028125 0.537 0.025 0.548437 0.028125 0.5 0.03125 0.551562 0.0484375 0.557812 0.125 0.59062 0.1328125 0.5937 0.1359375 0.589062 0.1390625 0.582812 0.146875 0.567187 0.15625 0.5 0.18125 0.498437 0.184375 0.495312 0.1921875 0.47812 0.19375 0.47 0.196875 0.473437 0.2 0.47 0.20625 0.47812 0.21875 0.48437 0.2640625 0.507812 0.2671875 0.507812 0.3125 0.52812 0.3140625 0.52 0.3171875 0.5187 0.3234375 0.5062 0.3359375 0.4812 0.4 0.35312 0.396875 0.351562 0.384375 0.345312 0.38125 0.345312 0.3578125 0.332812 0.290625 0. 0.2 0.2562 0.1734375 0.2437 
0 0.6171875 0.2437 0.615625 0.248437 0.6109375 0.2562 0.6015625 0.279687 0.590625 0. 0.571875 0.34062 0.565625 0.354687 0.56875 0.3562 0.575 0.35937 0.5875 0.36562 0.6171875 0.379687 0.6203125 0.382812 0.6703125 0.407812 0.6734375 0.407812 0.675 0.404687 0.68125 0.392187 0.690625 0.37187 0.721875 0.3062 0.721875 0.30312 0.728125 0.285937 0.725 0.285937 0.7140625 0.279687 0.6890625 0.270312 0.653125 0.25312 
0 0.7953125 0.18437 0.7921875 0.19062 0.7859375 0.20312 0.7640625 0.24687 0.7640625 0.2 0.6375 0.504687 0.6375 0.507812 0.6234375 0.54062 0.6265625 0.542187 0.6328125 0.545312 0.6359375 0.545312 0.65625 0.554687 0.7203125 0.585937 0.740625 0.595312 0.7453125 0.59687 0.7484375 0.59687 0.75 0.5937 0.753125 0.587 0.765625 0.562 0.7828125 0.523437 0.8015625 0.487 0.890625 0.301562 0.9078125 0.26562 0.921875 0.235937 0.9140625 0.2312 0.903125 0.226562 0.8671875 0.212 0.85625 0.2062 0.8015625 0.182812 
0 0.465625 0.162 0.4625 0.1687 0.4625 0.17187 0.4484375 0. 0.3921875 0.31562 0.3859375 0.329687 0.390625 0.332812 0.4 0.337 0.4140625 0.345312 0.484375 0.3812 0.525 0.401562 0.528125 0.395312 0.53125 0.39062 0.5375 0.376562 0.5484375 0.354687 0.58125 0.285937 0.596875 0.25312 0.609375 0.226562 0.609375 0.223437 0.60625 0.22187 0.59375 0.21562 0.5671875 0.20312 0.49375 0.1687 0.490625 0.1687 0.4703125 0.157812 
0 0.534375 0.023437 0.53125 0.029687 0.525 0.042187 0.490625 0.110937 0.475 0.1437 0.475 0.14687 0.478125 0.148437 0.48125 0.1 0.5 0.157812 0.6078125 0.210937 0.615625 0.214062 0.61875 0.214062 0.6203125 0.210937 0.621875 0.207812 0.621875 0.204687 0.6328125 0.182812 0.6421875 0.160937 0.6421875 0.157812 0.6265625 0.1437 0.6265625 0.14062 0.6296875 0.132812 0.653125 0.0812 0.653125 0.07812 0.65625 0.07187 0.653125 0.070312 0.646875 0.0687 0.625 0.057812 0.5578125 0.02812 0.546875 0.023437 0.5390625 0.020312 
