0 0.153125 0.685937 0.1546875 0.6937 0.159375 0.710937 0.1875 0.8062 0.1890625 0.810937 0.1921875 0.817187 0.2078125 0.8187 0.2640625 0.820312 0.375 0.823437 0.653125 0.8312 0.709375 0.832812 0.725 0.832812 0.725 0.762 0.7265625 0.692187 0.7 0.692187 0.603125 0.69062 0.3140625 0.68437 0.2171875 0.682812 
0 0.0953125 0.5437 0.096875 0.54687 0.1 0.55312 0.10625 0.56562 0.1140625 0.57812 0.11875 0.587 0.1203125 0.592187 0.1234375 0.60312 0.1265625 0.614062 0.128125 0.62 0.1359375 0.648437 0.1375 0.657812 0.140625 0.664062 0.1484375 0.66562 0.225 0.667187 0.303125 0.6687 0.38125 0.670312 0.403125 0.670312 0.403125 0.617187 0.4015625 0.542187 
0 0.6703125 0.532812 0.496875 0.537 0.440625 0.539062 0.4234375 0.54062 0.4234375 0.557812 0.4203125 0.62 0.4203125 0.6687 0.5 0.6687 0.5921875 0.67187 0.684375 0.673437 0.728125 0.673437 0.728125 0.629687 0.73125 0.562 0.73125 0.5312 
0 0.8109375 0.532812 0.7703125 0.53437 0.740625 0.535937 0.740625 0.604687 0.7421875 0.676562 0.753125 0.676562 0.884375 0.67 0.95 0.673437 0.95 0.662 0.9484375 0.620312 0.946875 0.57812 0.94375 0.539062 0.9359375 0.537 0.9296875 0.537 0.9265625 0.539062 0.921875 0.5437 0.9171875 0.545312 0.9109375 0.539062 0.9046875 0.53437 0.9 0.5312 0.896875 0.529687 
0 0.428125 0.401562 0.328125 0.404687 0.128125 0.410937 0.078125 0.412 0.04375 0.414062 0.046875 0.420312 0.05 0.4312 0.059375 0.45312 0.0859375 0.520312 0.0890625 0.526562 0.240625 0.526562 0.409375 0.52 0.49375 0.523437 0.49375 0.44687 0.4921875 0. 
0 0.7640625 0.392187 0.6390625 0.39687 0.578125 0.39687 0.515625 0.398437 0.5109375 0. 0.5109375 0.40937 0.509375 0.52187 0.6015625 0.52187 0.7390625 0.520312 0.875 0.5187 0.8875 0.517187 0.8875 0.510937 0.8859375 0. 0.884375 0.489062 0.8796875 0.457812 0.8765625 0.44687 0.871875 0.41562 0.871875 0.4062 0.8703125 0.395312 0.86875 0.39062 
0 0.4625 0.289062 0.43125 0.29062 0.3421875 0.295312 0.28125 0.298437 0.13125 0.3062 0.0421875 0.310937 0.0125 0.312 0.003125 0.314062 0.0046875 0.3187 0.0078125 0.326562 0.015625 0.34687 0.0328125 0.39062 0.0359375 0.395312 0.0359375 0.398437 0.0375 0.401562 0.0546875 0.401562 0.1171875 0. 0.2421875 0.39687 0.4296875 0.392187 0.4921875 0.39062 0.4984375 0.389062 0.4984375 0.37187 0.503125 0.326562 0.5046875 0.304687 0.5046875 0.287 
0 0.8 0.27187 0.7359375 0.27 0.671875 0.27812 0.6078125 0.282812 0.5765625 0.282812 0.5453125 0.28437 0.515625 0.285937 0.5140625 0.351562 0.5140625 0.385937 0.540625 0.385937 0.596875 0.38437 0.7109375 0.379687 0.7671875 0.379687 0.8234375 0.37812 0.8625 0.376562 0.8625 0.370312 0.8609375 0.35937 0.85625 0.337 0.8515625 0.3062 0.85 0.285937 0.8484375 0.27 0.846875 0.270312 
0 0.7375 0.204687 0.6875 0.2062 0.6109375 0.212 0.534375 0.217187 0.5078125 0.2187 0.5078125 0.22187 0.509375 0.229687 0.5109375 0.239062 0.515625 0.262 0.5171875 0.270312 0.51875 0.273437 0.525 0.273437 0.5546875 0.27187 0.640625 0.267187 0.7265625 0.260937 0.7546875 0.260937 0.7828125 0.25937 0.796875 0.257812 0.796875 0.248437 0.7953125 0.245312 0.7890625 0.237 0.7859375 0.232812 0.7859375 0.223437 0.7890625 0.210937 0.7875 0.20312 0.775 0.201562 
0 0.7546875 0.0812 0.7125 0.08437 0.5484375 0.098437 0.528125 0.098437 0.5078125 0. 0.4875 0.101562 0.478125 0.10312 0.478125 0.1062 0.48125 0.1187 0.496875 0.176562 0.496875 0.182812 0.5 0.195312 0.5015625 0.201562 0.503125 0.204687 0.5296875 0.20312 0.5828125 0. 0.634375 0.19687 0.7140625 0.192187 0.740625 0.189062 0.765625 0.189062 0.7734375 0.187 0.7734375 0.1562 
