0 0.553125 0.70312 0.55 0.70937 0.540625 0.726562 0.515625 0.773437 0.5046875 0.79687 0.5015625 0.801562 0.5046875 0.80312 0.5109375 0.8062 0.5234375 0.812 0.5484375 0.82 0.6421875 0.87187 0.6453125 0.87187 0.7328125 0.91562 0.734375 0.912 0.740625 0.901562 0.746875 0.89062 0.78125 0.826562 0.7875 0.81562 0.7890625 0.80937 0.7859375 0.807812 0.7828125 0.807812 0.771875 0.801562 0.7484375 0.79062 0.6265625 0.732812 0.5875 0.712 0.584375 0.712 
0 0.3515625 0.601562 0.3453125 0.614062 0.3453125 0.617187 0.3328125 0.64062 0.3 0.707812 0.25625 0.798437 0.24375 0.82 0.24375 0.82812 0.246875 0.829687 0.253125 0.832812 0.278125 0.845312 0.3171875 0.864062 0.534375 0.970312 0.5375 0.970312 0.5484375 0.973437 0.55 0.970312 0.5515625 0.967187 0.5578125 0.9 0.590625 0.873437 0.59375 0.86562 0.5890625 0.862 0.5828125 0.85937 0.5671875 0.851562 0.55 0.842187 0.4984375 0.817187 0.4953125 0.814062 0.478125 0.8062 0.475 0.804687 0.4734375 0.801562 0.475 0.798437 0.478125 0.792187 0.484375 0.779687 0.5078125 0.73437 0.5078125 0.7312 0.528125 0.685937 0.525 0.68437 0.51875 0.6812 0.50625 0.67 0.48125 0.662 
0 0.65 0.601562 0.6453125 0.612 0.609375 0.673437 0.6046875 0.68437 0.6015625 0.687 0.596875 0.69687 0.6 0.698437 0.60625 0.701562 0.61875 0.707812 0.64375 0.720312 0.8 0.798437 0.8015625 0.795312 0.8046875 0.789062 0.8109375 0.776562 0.8234375 0.751562 0.853125 0.69062 0.85 0.689062 0.84375 0.685937 0.828125 0.67812 0.7984375 0.664062 0.6828125 0.607812 0.6796875 0.607812 0.65625 0.595312 
0 0.4109375 0.4812 0.4078125 0.487 0.4015625 0. 0.3875 0.52812 0.3875 0.5312 0.3609375 0.58437 0.3640625 0.585937 0.3703125 0.589062 0.3828125 0.595312 0.4328125 0.620312 0.4359375 0.620312 0.509375 0.657812 0.5828125 0.6937 0.5859375 0.6937 0.5875 0.69062 0.590625 0.68437 0.5984375 0.667187 0.6140625 0.632812 0.6203125 0.61562 0.628125 0.601562 0.628125 0.598437 0.634375 0.585937 0.63125 0.58437 0.625 0.5812 0.615625 0.576562 0.590625 0.56562 0.5015625 0.520312 0.415625 0.47812 
0 0.7046875 0.479687 0.7046875 0.482812 0.6953125 0. 0.6875 0.520312 0.66875 0.557812 0.6609375 0.57 0.6609375 0.57812 0.659375 0.585937 0.6625 0.587 0.665625 0.587 0.6765625 0.5937 0.7 0.604687 0.81875 0.662 0.8546875 0.679687 0.8578125 0.679687 0.859375 0.676562 0.8625 0.670312 0.86875 0.657812 0.88125 0.632812 0.909375 0.570312 0.90625 0.5687 0.89375 0.562 0.890625 0.562 0.865625 0.5 0.7296875 0.48437 0.7265625 0.48437 0.709375 0.47 
0 0.221875 0.392187 0.215625 0.404687 0.203125 0.4312 0.16875 0.504687 0.16875 0.507812 0.159375 0.5312 0.1625 0.532812 0.16875 0.535937 0.171875 0.535937 0.2 0.5 0.315625 0.6062 0.3296875 0.612 0.3328125 0.607812 0.3375 0.598437 0.3453125 0.58437 0.38125 0.514062 0.4015625 0.473437 0.3953125 0.470312 0.390625 0.467187 0.3765625 0.460937 0.3546875 0.4 0.2859375 0.417187 0.253125 0.401562 0.2265625 0.389062 
0 0.809375 0.35312 0.8078125 0.3562 0.803125 0.367187 0.79375 0.387 0.75625 0.4687 0.753125 0.476562 0.7578125 0.479687 0.7640625 0.482812 0.7796875 0.49062 0.803125 0.50312 0.8671875 0.535937 0.9140625 0.55937 0.9171875 0.55937 0.91875 0.5562 0.925 0.542187 0.9328125 0.526562 0.9734375 0.44062 0.978125 0.429687 0.978125 0.426562 0.975 0.42 0.971875 0.423437 0.9609375 0.4187 0.940625 0.40937 0.8875 0.38437 0.8265625 0.3562 0.8234375 0.3562 
0 0.0703125 0.345312 0.06875 0.351562 0.0578125 0.373437 0.028125 0.44062 0.0234375 0.451562 0.0203125 0.45937 0.0203125 0.462 0.0234375 0.464062 0.0296875 0.467187 0.0421875 0.473437 0.1109375 0.507812 0.14375 0.523437 0.146875 0.523437 0.1484375 0.520312 0.15 0.517187 0.1578125 0.498437 0.2109375 0.39062 0.2140625 0.382812 0.2140625 0.379687 0.2109375 0.37812 0.2078125 0.376562 0.2046875 0.376562 0.1828125 0.36562 0.1609375 0.3562 0.1578125 0.3562 0.14375 0.37187 0.140625 0.37187 0.1328125 0.3687 0.08125 0.345312 0.078125 0.345312 
0 0.4203125 0.339062 0.415625 0.3 0.4125 0.35312 0.4015625 0.37 0.38125 0.412 0.3671875 0.44062 0.3703125 0.442187 0.3765625 0.445312 0.3921875 0.45312 0.3953125 0.45312 0.428125 0.470312 0.4921875 0.501562 0.6125 0.560937 0.6390625 0.573437 0.6421875 0.573437 0.64375 0.570312 0.646875 0.564062 0.653125 0.551562 0.6671875 0.523437 0.6921875 0.47187 0.6921875 0.4687 0.6890625 0.467187 0.6828125 0.464062 0.6703125 0.457812 0.64375 0.445312 0.603125 0.423437 0.425 0.33437 
0 0.2859375 0.273437 0.2796875 0.28437 0.2703125 0.30937 0.253125 0.345312 0.2390625 0.37812 0.24375 0.3812 0.2484375 0.382812 0.25625 0.387 0.2796875 0.39687 0.3 0.407812 0.340625 0.426562 0.3546875 0.432812 0.35625 0.429687 0.359375 0.423437 0.365625 0.410937 0.3796875 0.3812 0.3828125 0.37812 0.4078125 0.32812 0.4078125 0.32 0.4046875 0.323437 0.3921875 0.317187 0.371875 0.307812 0.30625 0.276562 0.303125 0.276562 0.2890625 0.2687 
0 0.6140625 0.264062 0.6109375 0.270312 0.6046875 0.282812 0.5796875 0.332812 0.5796875 0.335937 0.5578125 0.38437 0.5609375 0.385937 0.5671875 0.389062 0.5796875 0.395312 0.6046875 0.407812 0.740625 0.47 0.7421875 0.47187 0.74375 0.4687 0.75 0.454687 0.7609375 0.42812 0.7765625 0.3937 0.7921875 0.357812 0.7921875 0.354687 0.7953125 0.3437 0.7921875 0.342187 0.7765625 0.33437 0.7734375 0.33437 0.7375 0.31562 0.6625 0.279687 0.6265625 0.262 0.6234375 0.262 0.61875 0.25937 
0 0.23125 0.08437 0.2265625 0.095312 0.2125 0.1312 0.20625 0.142187 0.1828125 0.19687 0.18125 0.201562 0.184375 0.20312 0.190625 0.2062 0.203125 0.212 0.246875 0.23437 0.25 0.23437 0.5046875 0.360937 0.5078125 0.360937 0.540625 0.37 0.5421875 0.37187 0.5453125 0.36562 0.5453125 0.362 0.5546875 0.342187 0.5859375 0.27812 0.5953125 0.257812 0.596875 0.25312 0.596875 0.2 0.59375 0.248437 0.5875 0.245312 0.5625 0.232812 0.5234375 0.21562 0.4875 0.19687 0.3015625 0.107812 0.265625 0.09062 
0 0.6234375 0.023437 0.61875 0.032812 0.61875 0.035937 0.6078125 0.0562 0.596875 0.079687 0.5671875 0.14687 0.5453125 0.19062 0.5453125 0.1937 0.5421875 0. 0.5453125 0.201562 0.5484375 0.20312 0.5609375 0.207812 0.584375 0.220312 0.775 0.312 0.8015625 0.32 0.8046875 0.320312 0.8078125 0.314062 0.828125 0.273437 0.853125 0.2187 0.8796875 0.167187 0.8796875 0.164062 0.8890625 0.145312 0.8859375 0.1437 0.8796875 0.14062 0.8703125 0.135937 0.846875 0.12 0.8015625 0.10312 0.6671875 0.037 0.6640625 0.037 0.628125 0.0187 
