0 0.4234375 0.882812 0.4140625 0.885937 0.3890625 0.895312 0.31875 0.923437 0.2734375 0.939062 0.2703125 0.94062 0.2671875 0.94687 0.2640625 0.95937 0.2625 0.962 0.2609375 0.96562 0.25625 0.9687 0.24375 0.97187 0.2390625 0.97187 0.2390625 0.976562 0.240625 0.982812 0.2421875 0.989062 0.24375 0.995312 0.2453125 0.998437 0.2625 0.995312 0.2921875 0.987 0.3921875 0.96562 0.428125 0.95937 0.4421875 0.9562 0.4515625 0.95312 0.45 0.948437 0.446875 0.939062 0.440625 0.920312 
0 0.7 0.785937 0.690625 0.789062 0.6859375 0.792187 0.659375 0. 0.5671875 0.832812 0.5078125 0.851562 0.4484375 0.87187 0.4421875 0.87 0.4421875 0.87812 0.44375 0.882812 0.446875 0.892187 0.4578125 0.92 0.4640625 0.942187 0.465625 0.94687 0.471875 0.945312 0.49375 0.94062 0.5375 0.9312 0.653125 0.9062 0.7109375 0.892187 0.725 0.89062 0.7328125 0.887 0.7390625 0.887 0.7453125 0.885937 0.74375 0.882812 0.740625 0.870312 0.7328125 0.85312 0.7234375 0.823437 0.715625 0.8062 0.7125 0.7937 0.709375 0.789062 0.7078125 0.78437 
0 0.8421875 0.73437 0.8375 0.737 0.8203125 0.742187 0.7984375 0.751562 0.759375 0.764062 0.725 0.776562 0.7203125 0.77812 0.721875 0.782812 0.7234375 0.789062 0.728125 0.80312 0.7515625 0.873437 0.753125 0.87812 0.7546875 0.8812 0.7640625 0.87812 0.78125 0.87 0.8015625 0.870312 0.859375 0.854687 0.865625 0.854687 0.884375 0.8 0.8921875 0.845312 0.890625 0.839062 0.8875 0.82812 0.8671875 0.764062 0.8640625 0.748437 0.8609375 0.737 0.859375 0.732812 0.8578125 0.729687 
0 0.5640625 0.707812 0.5515625 0.710937 0.528125 0.720312 0.5015625 0.729687 0.3359375 0.787 0.2375 0.820312 0.20625 0.8312 0.2015625 0.83437 0.1984375 0.83437 0.1953125 0.835937 0.196875 0.839062 0.196875 0.842187 0.2046875 0.862 0.20625 0.86562 0.209375 0.864062 0.21875 0.862 0.2453125 0.85312 0.25625 0.8 0.2640625 0.8 0.26875 0.851562 0.2734375 0.85312 0.2953125 0.860937 0.3015625 0.864062 0.303125 0.867187 0.3046875 0.870312 0.3046875 0.873437 0.3125 0.89062 0.3171875 0. 0.321875 0. 0.3359375 0.895312 0.3578125 0.887 0.409375 0.870312 0.4828125 0.8437 0.5515625 0.82187 0.55625 0.8187 0.596875 0.8062 0.603125 0.80312 0.603125 0. 0.6015625 0.795312 0.5984375 0.785937 0.590625 0.76562 0.590625 0.760937 0.5734375 0.712 0.5734375 0.707812 0.571875 0.704687 
0 0.35 0.6562 0.3453125 0.657812 0.3328125 0.662 0.30625 0.67187 0.2484375 0.692187 0.2 0.70937 0.1734375 0.720312 0.1546875 0.726562 0.15625 0.7312 0.1609375 0.7437 0.16875 0.764062 0.1859375 0.804687 0.1875 0.812 0.190625 0.817187 0.190625 0.820312 0.1921875 0.823437 0.1953125 0.82187 0.2078125 0.8187 0.2296875 0.80937 0.246875 0.804687 0.2859375 0.789062 0.3421875 0.770312 0.38125 0.754687 0.3890625 0.75312 0.39375 0.751562 0.396875 0.7 0.396875 0.74687 0.39375 0.74062 0.3890625 0.732812 0.3578125 0.65937 
0 0.5265625 0.595312 0.521875 0.598437 0.5046875 0.604687 0.384375 0.648437 0.3765625 0.6 0.36875 0.65312 0.3703125 0.657812 0.3734375 0.66562 0.38125 0.68437 0.396875 0.72187 0.40625 0.7437 0.4078125 0.74687 0.4125 0.74687 0.4203125 0.7437 0.4390625 0.737 0.5140625 0.710937 0.540625 0. 0.5625 0.6937 0.5671875 0.69062 0.565625 0.685937 0.5625 0.676562 0.55625 0.657812 0.5375 0.601562 0.5359375 0.59687 0.534375 0.5937 
0 0.9484375 0.573437 0.9359375 0.57812 0.8953125 0.592187 0.86875 0.60312 0.590625 0. 0.5859375 0.70312 0.5828125 0.70312 0.584375 0.707812 0.5859375 0.712 0.590625 0.72 0.5984375 0.74687 0.6125 0.7812 0.6140625 0.789062 0.615625 0.7937 0.6171875 0.79687 0.6203125 0.795312 0.628125 0.7937 0.646875 0.787 0.6515625 0.78437 0.6828125 0.77 0.753125 0.7 0.8578125 0.712 0.9609375 0.67812 0.965625 0.67 0.978125 0.67187 0.984375 0.6687 0.984375 0.66562 0.9828125 0.660937 0.9796875 0.651562 0.9546875 0.576562 
0 0.9 0.467187 0.8671875 0.47812 0.8125 0.49687 0.59375 0.57187 0.5890625 0.57 0.553125 0.585937 0.5484375 0.587 0.5453125 0.589062 0.546875 0.592187 0.5484375 0. 0.553125 0.614062 0.565625 0.6 0.5765625 0.6812 0.578125 0.68437 0.5828125 0.68437 0.590625 0.682812 0.609375 0.676562 0.6140625 0.673437 0.6453125 0.664062 0.715625 0.639062 0.928125 0.56562 0.9421875 0.55937 0.9453125 0.55937 0.9453125 0.5562 0.94375 0.551562 0.9421875 0.54687 0.9359375 0.529687 0.9171875 0.482812 0.9140625 0.470312 0.9109375 0.464062 
0 0.871875 0.351562 0.8578125 0.3562 0.83125 0.36562 0.778125 0.38437 0.7515625 0.395312 0.4375 0.504687 0.4109375 0.51562 0.203125 0.587 0.1984375 0.59062 0.1890625 0.5937 0.1890625 0.598437 0.1921875 0.62187 0.18125 0.632812 0.18125 0.64062 0.184375 0.6 0.1859375 0.667187 0.1890625 0.68437 0.190625 0.692187 0.1921875 0.69687 0.1953125 0.695312 0.2078125 0.692187 0.225 0.685937 0.284375 0.66562 0.396875 0.626562 0.8109375 0.4812 0.846875 0.470312 0.8828125 0.457812 0.8875 0.454687 0.9046875 0.4 0.9109375 0.44687 0.9109375 0.4437 0.909375 0.439062 0.9015625 0.4187 0.9015625 0.414062 0.8890625 0.379687 0.8890625 0.37 0.8828125 0.3562 0.8796875 0.3 
0 0.3109375 0.30312 0.3015625 0.3062 0.2796875 0.314062 0.2171875 0.337 0.075 0.387 0.04375 0. 0.040625 0. 0.0421875 0.40312 0.04375 0.410937 0.0484375 0.423437 0.065625 0.4687 0.0703125 0.485937 0.0765625 0.49062 0.084375 0.489062 0.103125 0.482812 0.1734375 0.45937 0.3515625 0.398437 0.3546875 0.398437 0.353125 0.395312 0.353125 0.392187 0.35 0.387 0.3421875 0.364062 0.321875 0.312 0.3203125 0.304687 0.31875 0.301562 
0 0.8375 0.242187 0.825 0.24687 0.796875 0.2562 0.721875 0.282812 0.571875 0.33437 0.3109375 0.42 0.1984375 0.46562 0.1625 0.476562 0.090625 0.501562 0.084375 0.504687 0.084375 0.507812 0.0859375 0.512 0.0890625 0.5187 0.0890625 0.523437 0.0984375 0.55312 0.1 0.557812 0.125 0.557812 0.15 0.55937 0.153125 0.560937 0.1703125 0.573437 0.178125 0.57812 0.18125 0.579687 0.1859375 0.579687 0.2046875 0.573437 0.2328125 0.562 0.2984375 0.54062 0.41875 0.498437 0.8375 0.351562 0.8640625 0.342187 0.8734375 0.337 0.8765625 0.337 0.875 0.33437 0.8734375 0.326562 0.8609375 0.289062 0.8578125 0.28437 0.846875 0.248437 0.8453125 0.2437 0.84375 0.24062 
0 0.803125 0.129687 0.79375 0.132812 0.7765625 0.139062 0.7328125 0.154687 0.653125 0.182812 0.3421875 0.292187 0.3328125 0.29687 0.334375 0.301562 0.3375 0.312 0.34375 0.3312 0.353125 0.360937 0.3640625 0.39062 0.3640625 0.3937 0.3671875 0.392187 0.3703125 0.392187 0.3796875 0.387 0.4 0.3812 0.44375 0.36562 0.4890625 0.3 0.678125 0.282812 0.81875 0.232812 0.8328125 0.226562 0.8359375 0.226562 0.8359375 0.223437 0.834375 0.217187 0.8296875 0.2062 0.8125 0.142187 0.809375 0.132812 
0 0.7546875 0.020312 0.7421875 0.02 0.7296875 0.029687 0.68125 0.04687 0.584375 0.0812 0.125 0.2437 0.103125 0.251562 0.084375 0.260937 0.075 0.2687 0.05625 0.287 0.0578125 0.292187 0.059375 0.298437 0.0640625 0.30937 0.0640625 0.3187 0.0609375 0.320312 0.040625 0.329687 0.021875 0.34062 0.0234375 0.345312 0.028125 0.354687 0.03125 0.367187 0.034375 0.37187 0.0375 0.3812 0.040625 0.3812 0.0453125 0.379687 0.0546875 0.376562 0.059375 0.373437 0.0859375 0.364062 0.1390625 0.345312 0.378125 0.260937 0.4578125 0.23437 0.7765625 0.12187 0.7953125 0.114062 0.7984375 0.114062 0.7984375 0.110937 0.796875 0.1062 0.79375 0.101562 0.7890625 0.08437 0.76875 0.02 0.765625 0.017187 
