0 0.3921875 0.645312 0.3875 0.648437 0.3640625 0.6562 0.3125 0.676562 0.3046875 0.67812 0.3015625 0.679687 0.3015625 0.682812 0.303125 0.687 0.30625 0.69687 0.3140625 0.7187 0.3375 0.7812 0.3875 0.923437 0.4 0.954687 0.4 0.957812 0.403125 0.9562 0.4109375 0.954687 0.4234375 0.9 0.46875 0.932812 0.4859375 0.92812 0.490625 0.92187 0.4890625 0.914062 0.4828125 0.895312 0.459375 0.82 0.3984375 0.64687 0.3984375 0.6437 
0 0.740625 0.604687 0.7328125 0.60937 0.659375 0.64062 0.6546875 0.6437 0.65625 0.648437 0.6578125 0.65312 0.6625 0.66562 0.671875 0.692187 0.6921875 0.7 0.709375 0.798437 0.7203125 0.82 0.7265625 0.8437 0.73125 0.842187 0.74375 0.837 0.7640625 0.829687 0.8046875 0.812 0.8125 0.810937 0.8171875 0.807812 0.8203125 0.807812 0.8234375 0.8062 0.821875 0.80312 0.81875 0.79062 0.809375 0.7687 0.8046875 0.751562 0.7890625 0.712 0.7703125 0.6562 0.7546875 0.617187 0.753125 0.60937 0.7515625 0.604687 0.75 0.601562 
0 0.9484375 0.548437 0.9390625 0.551562 0.9203125 0.557812 0.88125 0.57187 0.8828125 0.57 0.8859375 0.58437 0.8953125 0.60937 0.9234375 0.679687 0.9390625 0.72 0.940625 0.72812 0.946875 0.7312 0.959375 0.73437 0.9625 0.735937 0.965625 0.737 0.96875 0.742187 0.971875 0.754687 0.971875 0.75937 0.9765625 0.75937 0.9828125 0.757812 0.9890625 0.7562 0.9953125 0.754687 0.9984375 0.75312 0.9953125 0.735937 0.9875 0.7062 0.965625 0.6062 0.959375 0.570312 0.95625 0.5562 
0 0.6859375 0.432812 0.6765625 0.435937 0.6578125 0.442187 0.6015625 0.460937 0.596875 0.462 0.59375 0.464062 0.59375 0.467187 0.5953125 0.47187 0.5984375 0.476562 0.6046875 0.4937 0.6484375 0.614062 0.65 0.62187 0.653125 0.629687 0.6578125 0.62812 0.665625 0.62 0.684375 0.617187 0.721875 0.601562 0.74375 0.592187 0.746875 0.59062 0.746875 0.585937 0.74375 0.57812 0.7375 0.55937 0.7109375 0.48437 0.7 0.457812 0.69375 0.435937 
0 0.7953125 0.39687 0.7859375 0. 0.765625 0.407812 0.7609375 0.407812 0.7125 0.42 0.7078125 0.42 0.7046875 0.426562 0.7046875 0.429687 0.7078125 0.43437 0.7109375 0.44687 0.7203125 0.470312 0.7296875 0.49687 0.7875 0.662 0.8203125 0.760937 0.83125 0.792187 0.834375 0.79687 0.834375 0. 0.8359375 0.80312 0.8390625 0.801562 0.8421875 0.801562 0.8625 0.7937 0.865625 0.792187 0.8640625 0.789062 0.8625 0.779687 0.853125 0.75312 0.85 0.742187 0.85 0.73437 0.8515625 0.729687 0.853125 0.72 0.8609375 0.70312 0.8640625 0.69687 0.8671875 0.695312 0.8703125 0.6937 0.8734375 0.6937 0.890625 0.685937 0.9 0.6812 0.9 0.676562 0.8953125 0.662 0.8875 0.64062 0.8703125 0.589062 0.84375 0.51562 0.821875 0.44687 0.81875 0.442187 0.80625 0.401562 0.803125 0.395312 
0 0.8703125 0.257812 0.853125 0.26562 0.8234375 0.27 0.80625 0.282812 0.79375 0.285937 0.7890625 0.289062 0.784375 0.29062 0.784375 0.2937 0.7859375 0.298437 0.7890625 0.307812 0.7921875 0.312 0.8 0.339062 0.8328125 0.4312 0.8515625 0.49062 0.871875 0.5 0.875 0.5562 0.878125 0.5562 0.8828125 0.554687 0.8921875 0.551562 0.925 0.54062 0.9421875 0.53437 0.946875 0.532812 0.9453125 0.526562 0.940625 0.504687 0.93125 0.460937 0.90625 0.345312 0.8921875 0.287 0.890625 0.273437 0.8875 0.26562 0.8875 0.25937 0.8859375 0.25312 
0 0.10625 0.201562 0.1015625 0.204687 0.084375 0.20937 0.025 0.229687 0.0171875 0.232812 0.01875 0.235937 0.0203125 0.2437 0.025 0.2562 0.0296875 0.2687 0.046875 0.317187 0.08125 0.414062 0.24375 0.873437 0.2515625 0.895312 0.2609375 0.914062 0.26875 0.923437 0.2875 0.942187 0.2921875 0.94062 0.2984375 0.939062 0.309375 0.93437 0.31875 0.93437 0.3203125 0.937 0.3296875 0.957812 0.340625 0.976562 0.3453125 0.97 0.3546875 0.970312 0.3671875 0.967187 0.371875 0.964062 0.38125 0.960937 0.38125 0.957812 0.3796875 0.95312 0.3765625 0.9437 0.3734375 0.939062 0.3640625 0.912 0.3453125 0.85937 0.2609375 0.620312 0.234375 0.54062 0.121875 0.22187 0.1140625 0.20312 0.1140625 0. 
0 0.2171875 0.164062 0.20625 0.1687 0.1421875 0.185937 0.1328125 0.189062 0.128125 0.19062 0.1296875 0.195312 0.1328125 0.204687 0.1390625 0.22187 0.1546875 0.26562 0.1828125 0.345312 0.2921875 0.6562 0.296875 0.66562 0.3015625 0.664062 0.3125 0.660937 0.33125 0.654687 0.3609375 0.645312 0.390625 0.63437 0.39375 0.63437 0.3921875 0.6312 0.3921875 0.62812 0.3875 0.6187 0.38125 0.598437 0.365625 0.554687 0.35 0.50937 0.2828125 0.320312 0.2328125 0.179687 0.2265625 0.16562 0.2265625 0.162 
0 0.3265625 0.12 0.2890625 0.137 0.284375 0.14062 0.2484375 0.151562 0.24375 0.15312 0.240625 0.154687 0.2421875 0.157812 0.2421875 0.160937 0.246875 0.173437 0.25625 0.201562 0.2828125 0.276562 0.334375 0.426562 0.425 0.687 0.465625 0. 0.4765625 0.835937 0.5015625 0.907812 0.5046875 0.914062 0.5078125 0.914062 0.5125 0.912 0.51875 0.90937 0.5234375 0.90937 0.553125 0. 0.5578125 0.898437 0.5578125 0.873437 0.559375 0.848437 0.5609375 0.845312 0.5734375 0.82812 0.578125 0.820312 0.5796875 0.817187 0.5796875 0.812 0.5734375 0.7937 0.5625 0.76562 0.540625 0. 0.4984375 0.579687 0.3515625 0.160937 0.3421875 0.13437 0.3375 0.12 0.3375 0.12187 
0 0.828125 0.110937 0.7640625 0.1312 0.7484375 0.13437 0.7375 0.137 0.7328125 0.139062 0.7296875 0.14062 0.73125 0.1437 0.734375 0.1562 0.7375 0.160937 0.7421875 0.17812 0.7515625 0. 0.7640625 0.239062 0.7765625 0.273437 0.778125 0.27812 0.7828125 0.276562 0.7890625 0.27 0.803125 0.270312 0.8734375 0.24687 0.878125 0.245312 0.88125 0.2437 0.878125 0.23437 0.875 0.217187 0.8703125 0.19687 0.8546875 0.139062 0.8546875 0.132812 0.85 0.114062 0.846875 0.1062 
0 0.4390625 0.089062 0.41875 0.09687 0.4140625 0.09687 0.3796875 0.10937 0.375 0.10937 0.35625 0.11562 0.35 0.1187 0.35 0.12187 0.3515625 0.126562 0.35625 0.14062 0.365625 0.167187 0.384375 0.220312 0.3953125 0.24687 0.5046875 0.560937 0.515625 0.587 0.5875 0.795312 0.590625 0. 0.59375 0.80937 0.5984375 0.80937 0.621875 0.8062 0.6328125 0.817187 0.640625 0.817187 0.65 0.814062 0.6671875 0.812 0.684375 0.80937 0.6921875 0.807812 0.696875 0.8062 0.6953125 0.80312 0.6921875 0.79062 0.6859375 0.773437 0.665625 0.714062 0.6265625 0.601562 0.48125 0.187 0.4703125 0.151562 0.4578125 0.11562 0.4546875 0.110937 0.45 0.0937 0.446875 0.087 
0 0.5515625 0.054687 0.546875 0.0562 0.5296875 0.062 0.4828125 0.0812 0.4703125 0.08437 0.4640625 0.087 0.465625 0.09062 0.4671875 0.098437 0.478125 0.1312 0.496875 0.185937 0.571875 0.404687 0.575 0.40937 0.5859375 0.445312 0.5875 0.4 0.5890625 0.45312 0.5921875 0.451562 0.6 0.4 0.6140625 0.445312 0.65 0.432812 0.68125 0.42187 0.684375 0.420312 0.684375 0.41562 0.6828125 0.407812 0.6765625 0.389062 0.6734375 0.38437 0.6640625 0.35312 0.6390625 0.282812 0.565625 0.070312 0.559375 0.0562 0.559375 0.05312 
0 0.6609375 0.01562 0.6515625 0.0187 0.5765625 0.0437 0.571875 0.045312 0.5734375 0.0 0.578125 0.062 0.5921875 0.10312 0.603125 0.129687 0.7 0.407812 0.703125 0.412 0.703125 0.41562 0.7078125 0.414062 0.7125 0.412 0.725 0.407812 0.746875 0. 0.78125 0.385937 0.7890625 0.38437 0.79375 0.382812 0.796875 0.3812 0.7953125 0.37812 0.79375 0.370312 0.7875 0.351562 0.784375 0.34687 0.775 0.31562 0.75 0.245312 0.7125 0.14062 0.678125 0.037 0.675 0.032812 0.671875 0.020312 0.66875 0.014062 
