0 0.953125 0.6187 0.94375 0.62187 0.9390625 0.62 0.9125 0.63437 0.859375 0.65312 0.6203125 0.737 0.540625 0.764062 0.221875 0.876562 0.203125 0.88437 0.2 0.88437 0.2 0.887 0.2015625 0.892187 0.2046875 0.89687 0.209375 0.914062 0.2296875 0.973437 0.2328125 0.9812 0.2359375 0.979687 0.24375 0.97812 0.25625 0.973437 0.26875 0.9687 0.3171875 0.951562 0.4140625 0.917187 0.8734375 0.754687 0.8953125 0.74687 0.9140625 0.737 0.9234375 0.729687 0.9421875 0.710937 0.940625 0.7062 0.9390625 0. 0.934375 0.689062 0.934375 0.679687 0.9375 0.67812 0.9578125 0.6687 0.9765625 0.657812 0.975 0.65312 0.9703125 0.6437 0.9671875 0.6312 0.9640625 0.626562 0.9609375 0.617187 
0 0.628125 0.6062 0.61875 0.610937 0.5984375 0.617187 0.5546875 0.632812 0.509375 0.648437 0.3203125 0.71562 0.1796875 0.76562 0.165625 0.77187 0.1625 0.77187 0.1625 0.77 0.1640625 0.7812 0.16875 0.792187 0.1859375 0.8562 0.1890625 0.86562 0.190625 0.870312 0.1953125 0.8687 0.2046875 0.86562 0.221875 0.85937 0.265625 0.8437 0.3453125 0.81562 0.65625 0.7062 0.665625 0.701562 0.6640625 0.69687 0.6609375 0.685937 0.6546875 0.667187 0.6453125 0.637 0.634375 0.607812 0.634375 0.604687 
0 0.9140625 0.50937 0.8953125 0.51562 0.825 0.539062 0.646875 0. 0.64375 0. 0.6453125 0.60312 0.6453125 0.6062 0.6484375 0.610937 0.65625 0.63437 0.6765625 0.685937 0.678125 0.6937 0.6796875 0.69687 0.6828125 0.69687 0.6875 0.695312 0.696875 0.692187 0.71875 0.68437 0.78125 0.660937 0.9234375 0.610937 0.9546875 0.598437 0.9578125 0.598437 0.95625 0.595312 0.9546875 0.587 0.95 0.57 0.9328125 0.529687 0.928125 0.512 0.925 0.5062 
0 0.79375 0.42 0.765625 0.435937 0.7 0.457812 0.5796875 0. 0.1609375 0.64687 0.134375 0.6562 0.125 0.660937 0.121875 0.660937 0.1234375 0.664062 0.125 0.67187 0.1375 0.70937 0.140625 0.714062 0.1515625 0.7 0.153125 0.754687 0.1546875 0.757812 0.1578125 0.7562 0.1609375 0.7562 0.1734375 0.751562 0.2015625 0.742187 0.2765625 0.71562 0.4265625 0.664062 0.6875 0.573437 0.8 0.532812 0.8359375 0.52187 0.9078125 0.49687 0.9140625 0.4937 0.9140625 0.49062 0.9125 0.485937 0.909375 0.479687 0.909375 0.47 0.9 0.445312 0.8984375 0.44062 0.8734375 0.44062 0.8484375 0.439062 0.8453125 0.437 0.828125 0.42 0.8203125 0.420312 0.8171875 0.4187 
0 0.4078125 0.31562 0.3890625 0.32187 0.384375 0.32 0.353125 0.33437 0.2828125 0.35937 0.0703125 0.432812 0.05625 0.439062 0.053125 0.439062 0.053125 0.442187 0.0546875 0.44687 0.05625 0.451562 0.0625 0.4687 0.08125 0.51562 0.084375 0.52812 0.0875 0.53437 0.090625 0.532812 0.0984375 0.5312 0.13125 0.520312 0.1859375 0.501562 0.4046875 0.426562 0.409375 0.423437 0.4453125 0.412 0.45 0.410937 0.453125 0.40937 0.4515625 0.4062 0.45 0.398437 0.4453125 0.38437 0.4328125 0.348437 0.421875 0.317187 0.4203125 0.314062 
0 0.790625 0.3062 0.7734375 0.312 0.7140625 0.332812 0.6015625 0.37187 0.1875 0.517187 0.1515625 0.52812 0.115625 0.54062 0.1109375 0.5437 0.09375 0.548437 0.0875 0.551562 0.0875 0.554687 0.0890625 0.55937 0.096875 0.579687 0.096875 0.58437 0.109375 0.6187 0.109375 0.623437 0.115625 0.642187 0.11875 0.648437 0.121875 0.648437 0.1265625 0.64687 0.140625 0.642187 0.1671875 0.632812 0.2203125 0.614062 0.246875 0.60312 0.5609375 0.4937 0.5875 0.482812 0.7953125 0.410937 0.8 0.407812 0.809375 0.404687 0.809375 0. 0.80625 0.376562 0.8171875 0.36562 0.8171875 0.357812 0.8140625 0.348437 0.8125 0.3312 0.809375 0.314062 0.8078125 0.3062 0.80625 0.301562 
0 0.578125 0.254687 0.559375 0.260937 0.484375 0.287 0.4578125 0.298437 0.4359375 0.304687 0.43125 0.307812 0.4328125 0.312 0.4359375 0.32187 0.4421875 0.34062 0.4609375 0.39687 0.4625 0.401562 0.4640625 0.404687 0.4671875 0.404687 0.471875 0.40312 0.4765625 0. 0.49375 0.3937 0.6140625 0.3 0.621875 0.348437 0.6296875 0.345312 0.628125 0.34062 0.625 0.332812 0.6171875 0.314062 0.6015625 0.276562 0.5921875 0.254687 0.590625 0.251562 
0 0.3703125 0.204687 0.3515625 0.210937 0.346875 0.214062 0.315625 0.223437 0.2453125 0.248437 0.140625 0.285937 0.0375 0.320312 0.0328125 0.323437 0.0203125 0.326562 0.0140625 0.329687 0.0140625 0.332812 0.015625 0.337 0.01875 0.34687 0.04375 0.42187 0.0453125 0.426562 0.05 0.42 0.0625 0.420312 0.103125 0.4062 0.1296875 0.395312 0.4078125 0.298437 0.4125 0.295312 0.415625 0.295312 0.4140625 0.29062 0.4125 0.285937 0.4078125 0.273437 0.4 0.251562 0.3859375 0.217187 0.384375 0.20937 0.3828125 0.204687 0.38125 0.201562 
0 0.790625 0.179687 0.76875 0.189062 0.7515625 0.1937 0.7125 0.20937 0.65625 0.22812 0.6171875 0.2437 0.609375 0.245312 0.6046875 0.24687 0.6015625 0.248437 0.6015625 0.251562 0.6046875 0.257812 0.609375 0.26562 0.640625 0.339062 0.64375 0.3437 0.6484375 0.342187 0.653125 0.34062 0.665625 0.335937 0.6921875 0.326562 0.75 0.3062 0.7984375 0.289062 0.825 0.27812 0.84375 0.27187 0.8421875 0.267187 0.8375 0.254687 0.8296875 0.23437 0.8125 0.1937 0.8109375 0.185937 0.8078125 0.1812 0.8078125 0.17812 0.80625 0.17 
0 0.2171875 0.123437 0.196875 0.12812 0.1390625 0.1437 0.1328125 0.1437 0.1140625 0.148437 0.10625 0.15312 0.1078125 0.15937 0.1109375 0.170312 0.13125 0.23437 0.134375 0.2 0.1375 0.260937 0.1390625 0.26562 0.140625 0.2687 0.14375 0.267187 0.15625 0.264062 0.1609375 0.260937 0.178125 0.2562 0.2 0.24687 0.2390625 0.23437 0.2734375 0.22187 0.278125 0.220312 0.2765625 0.21562 0.275 0.20937 0.2703125 0.195312 0.246875 0.12 0.2453125 0.120312 0.24375 0.117187 
0 0.6625 0.10312 0.640625 0.110937 0.5890625 0.12812 0.515625 0.154687 0.446875 0.176562 0.4421875 0.179687 0.4015625 0.192187 0.3953125 0.195312 0.3953125 0.198437 0.396875 0.20312 0.4 0.212 0.4078125 0.232812 0.4078125 0.237 0.425 0.285937 0.425 0.29062 0.4265625 0.2937 0.4296875 0.2937 0.434375 0.29062 0.446875 0.287 0.4703125 0.27812 0.496875 0.2687 0.6625 0.210937 0.7609375 0.17812 0.7921875 0.167187 0.796875 0.164062 0.8 0.164062 0.803125 0.162 0.8015625 0.15937 0.8015625 0.1562 0.79375 0.135937 0.7921875 0.132812 0.7890625 0.13437 0.7796875 0.135937 0.753125 0.145312 0.7421875 0.148437 0.734375 0.148437 0.7296875 0.14687 0.725 0.145312 0.703125 0.137 0.696875 0.13437 0.6953125 0.1312 0.69375 0.12812 0.69375 0.12 0.6859375 0.107812 0.68125 0.098437 
0 0.5265625 0.05312 0.5046875 0.057812 0.4609375 0.067187 0.3453125 0.092187 0.2875 0.1062 0.2734375 0.107812 0.265625 0.110937 0.259375 0.110937 0.253125 0.112 0.2546875 0.11562 0.2578125 0.12812 0.265625 0.145312 0.275 0.17 0.2828125 0.192187 0.2859375 0.204687 0.2890625 0.20937 0.290625 0.214062 0.29375 0.214062 0.2984375 0.212 0.3078125 0.20937 0.3125 0.2062 0.3390625 0.198437 0.43125 0.16562 0.490625 0.14687 0.55 0.126562 0.55625 0.123437 0.55625 0.120312 0.5546875 0.11562 0.5515625 0.1062 0.540625 0.073437 0.534375 0.0562 
0 0.70625 0.010937 0.60625 0.032812 0.5703125 0.039062 0.55625 0.042187 0.546875 0.045312 0.5484375 0.0 0.5515625 0.05937 0.5578125 0.07812 0.571875 0.117187 0.575 0.11562 0.584375 0.112 0.609375 0.10312 0.6796875 0.07 0.725 0.05937 0.728125 0.057812 0.73125 0.051562 0.734375 0.039062 0.7359375 0.035937 0.7375 0.032812 0.7421875 0.029687 0.7546875 0.026562 0.759375 0.026562 0.759375 0.02187 0.7578125 0.01562 0.75625 0.00937 0.7546875 0.00312 0.753125 0. 
