0 0.7765625 0.72 0.7734375 0.73437 0.7640625 0.75937 0.7515625 0.798437 0.7421875 0.820312 0.7375 0.837 0.734375 0.842187 0.73125 0.854687 0.7296875 0.857812 0.7328125 0.85937 0.7375 0.860937 0.7484375 0.864062 0.7640625 0.867187 0.828125 0.887 0.8390625 0.89062 0.8484375 0.89062 0.85 0.88437 0.8546875 0.86562 0.8546875 0.85937 0.8703125 0.801562 0.8796875 0.762 0.88125 0.754687 0.878125 0.75312 0.8734375 0.751562 0.8640625 0.748437 0.8453125 0.742187 0.7890625 0.723437 
0 0.703125 0.585937 0.7 0.59062 0.6953125 0.604687 0.6859375 0.6312 0.6671875 0.68437 0.603125 0.8687 0.5921875 0.895312 0.578125 0.935937 0.5734375 0.948437 0.571875 0.95312 0.5765625 0.954687 0.5859375 0.957812 0.6046875 0.964062 0.665625 0.98437 0.6703125 0.982812 0.671875 0.97812 0.675 0.96562 0.678125 0.960937 0.6875 0.929687 0.690625 0.92 0.7125 0.857812 0.775 0.682812 0.784375 0.651562 0.7875 0.64687 0.7953125 0.620312 0.796875 0.617187 0.79375 0.61562 0.7890625 0.614062 0.78125 0.612 0.746875 0.598437 0.7125 0.585937 
0 0.5875 0.548437 0.5859375 0.55312 0.5828125 0.562 0.575 0.589062 0.571875 0.5937 0.553125 0.648437 0.478125 0.867187 0.465625 0.907812 0.4640625 0.910937 0.4671875 0.912 0.4703125 0.914062 0.4828125 0.917187 0.5296875 0.935937 0.546875 0.942187 0.55625 0.945312 0.559375 0.945312 0.559375 0.942187 0.5625 0.935937 0.565625 0.92812 0.5734375 0.904687 0.5890625 0.85937 0.6640625 0.645312 0.6734375 0.614062 0.6765625 0.60937 0.684375 0.582812 0.684375 0.57812 0.68125 0.576562 0.6734375 0.57 0.65 0.56562 0.6140625 0.55312 0.5921875 0.54687 
0 0.8734375 0.445312 0.871875 0.448437 0.86875 0.457812 0.8625 0.476562 0.8515625 0.507812 0.8328125 0.567187 0.7921875 0.685937 0.7890625 0.69062 0.784375 0.704687 0.7859375 0.70937 0.7890625 0.70937 0.79375 0.712 0.80625 0.71562 0.8234375 0.723437 0.853125 0.732812 0.8703125 0.74062 0.8828125 0.7437 0.8859375 0.745312 0.8859375 0.74062 0.8875 0.732812 0.890625 0.72 0.8921875 0.710937 0.90625 0.65312 0.9453125 0.47187 0.946875 0.46562 0.9421875 0.464062 0.925 0.457812 0.878125 0.442187 
0 0.6515625 0.37187 0.65 0.376562 0.6484375 0.38437 0.640625 0.40312 0.5984375 0.52187 0.5953125 0.526562 0.59375 0.5312 0.59375 0.53437 0.596875 0.535937 0.6015625 0.537 0.6109375 0.54062 0.690625 0.567187 0.6921875 0.564062 0.6953125 0.554687 0.7 0.54062 0.7109375 0.514062 0.7375 0.439062 0.746875 0.412 0.746875 0.407812 0.74375 0.4062 0.7359375 0.40312 0.721875 0.39687 0.665625 0.373437 0.6578125 0.370312 
0 0.2921875 0.342187 0.284375 0.367187 0.265625 0.420312 0.1328125 0.7937 0.128125 0.807812 0.1328125 0.80937 0.1421875 0.812 0.159375 0.817187 0.20625 0.829687 0.2171875 0.83437 0.221875 0.83437 0.2265625 0.835937 0.2265625 0.832812 0.2296875 0.826562 0.2328125 0.8187 0.240625 0.795312 0.25625 0.751562 0.2828125 0.67812 0.35 0.489062 0.3921875 0.370312 0.3921875 0.367187 0.39375 0.364062 0.390625 0.364062 0.384375 0.360937 0.3609375 0.35312 0.3125 0.337 
0 0.971875 0.2437 0.96875 0.2562 0.9671875 0.25937 0.9625 0.262 0.959375 0.264062 0.946875 0.267187 0.940625 0.270312 0.9390625 0.273437 0.9359375 0.28437 0.9234375 0.3187 0.8953125 0.389062 0.88125 0.426562 0.8875 0.429687 0.896875 0.432812 0.953125 0.451562 0.9546875 0.448437 0.95625 0.442187 0.959375 0.42812 0.965625 0.392187 0.9953125 0.262 0.996875 0.254687 0.9984375 0.245312 0.9953125 0.2437 0.9890625 0.242187 0.9765625 0.239062 
0 0.834375 0.198437 0.834375 0.201562 0.83125 0.2062 0.8265625 0.220312 0.8203125 0.237 0.8046875 0.282812 0.7875 0.335937 0.7296875 0.501562 0.7078125 0.564062 0.7046875 0.5687 0.7046875 0.57187 0.7078125 0.573437 0.7125 0.573437 0.7234375 0.57812 0.7609375 0.59062 0.765625 0.59062 0.8 0.60312 0.8046875 0.601562 0.80625 0.59687 0.809375 0.587 0.81875 0.5562 0.821875 0.551562 0.84375 0.482812 0.8703125 0.40937 0.8953125 0.335937 0.9 0.32187 0.9 0.317187 0.896875 0.31562 0.890625 0.312 0.8734375 0.304687 0.8703125 0.304687 0.8671875 0.30312 0.8640625 0.301562 0.8609375 0.295312 0.853125 0.273437 0.8515625 0.2687 0.85 0.264062 0.85 0.2562 0.853125 0.245312 0.8625 0.2187 0.8640625 0.20937 0.865625 0.2062 0.8625 0.204687 0.8546875 0.20312 0.8421875 0.19687 0.8390625 0.19687 
0 0.6203125 0.192187 0.5984375 0.189062 0.5921875 0.19062 0.590625 0.198437 0.5875 0.20312 0.58125 0.22 0.578125 0.229687 0.5609375 0.2812 0.515625 0.410937 0.5046875 0.437 0.3953125 0.751562 0.384375 0.77812 0.35625 0.857812 0.35 0.876562 0.3515625 0.8812 0.35625 0.882812 0.375 0.889062 0.3796875 0.889062 0.4140625 0.901562 0.41875 0.901562 0.44375 0.910937 0.4484375 0.90937 0.45 0.904687 0.4546875 0.887 0.4578125 0.882812 0.4703125 0.84687 0.48125 0.810937 0.5203125 0.698437 0.665625 0.28437 0.6921875 0.207812 0.6953125 0.195312 0.696875 0.192187 0.69375 0.192187 0.684375 0.189062 0.6671875 0.185937 0.65 0.18437 0.640625 0.1812 
0 0.7234375 0.160937 0.7203125 0.173437 0.709375 0. 0.6578125 0.345312 0.6546875 0.354687 0.6578125 0.3562 0.671875 0.362 0.6921875 0.37187 0.7328125 0.389062 0.746875 0.39687 0.75 0.39687 0.7515625 0.3937 0.753125 0.389062 0.7546875 0.3812 0.7703125 0.342187 0.7890625 0.285937 0.8046875 0.24687 0.809375 0.229687 0.81875 0.207812 0.821875 0.195312 0.8234375 0.192187 0.8203125 0.19062 0.8171875 0.19062 0.8125 0.187 0.8046875 0.185937 0.7640625 0.1687 0.74375 0.160937 0.73125 0.1562 
0 0.503125 0.087 0.5015625 0.09062 0.4984375 0. 0.490625 0.123437 0.4765625 0.162 0.465625 0.198437 0.425 0.310937 0.334375 0.57187 0.25625 0.79687 0.2421875 0.837 0.2421875 0.84062 0.240625 0.8437 0.24375 0.845312 0.2484375 0.84687 0.2578125 0.8 0.284375 0.857812 0.2890625 0.860937 0.334375 0.87 0.3375 0.876562 0.3375 0.873437 0.3421875 0.864062 0.3515625 0.837 0.3671875 0.792187 0.3984375 0.70312 0.4984375 0.4187 0.540625 0.298437 0.5734375 0.204687 0.5796875 0.185937 0.5796875 0.1812 0.578125 0.17812 0.5734375 0.170312 0.5609375 0.15312 0.559375 0.1 0.5578125 0.12 0.5578125 0. 0.5546875 0. 0.5390625 0.095312 0.5234375 0.089062 0.51875 0.089062 0.5078125 0.08437 
0 0.4 0.0437 0.396875 0.0 0.3921875 0.062 0.3875 0.07 0.3734375 0.11562 0.3140625 0.279687 0.30625 0.301562 0.3015625 0.31562 0.3015625 0.3187 0.3046875 0.320312 0.3125 0.32187 0.3265625 0.32812 0.3875 0.3 0.3921875 0.35312 0.3953125 0.35312 0.3984375 0.354687 0.3984375 0.351562 0.4015625 0.345312 0.40625 0.3312 0.415625 0.30312 0.459375 0.173437 0.490625 0.076562 0.490625 0.07187 0.4859375 0.070312 0.46875 0.06562 0.4109375 0.0437 0.403125 0.042187 
0 0.3375 0.026562 0.3296875 0.04062 0.3203125 0.060937 0.31875 0.064062 0.315625 0.06562 0.309375 0.064062 0.2984375 0.05937 0.2875 0.0562 0.26875 0.07 0.2609375 0.08437 0.2578125 0.09062 0.2515625 0.10312 0.24375 0.12 0.2265625 0.173437 0.1921875 0.270312 0.0203125 0.754687 0.01875 0.762 0.0171875 0.76562 0.025 0.7687 0.034375 0.77187 0.0578125 0.779687 0.1015625 0.7937 0.10625 0.79687 0.1109375 0.798437 0.1140625 0.798437 0.1140625 0.795312 0.1171875 0.789062 0.121875 0.776562 0.13125 0.7 0.1515625 0.692187 0.234375 0.457812 0.2609375 0.37812 0.3734375 0.05937 0.3765625 0.054687 0.38125 0.04062 0.3796875 0.035937 0.371875 0.03437 0.3671875 0.0312 0.3453125 0.023437 
