0 0.4515625 0.682812 0.4484375 0.704687 0.4359375 0.801562 0.4328125 0.812 0.415625 0.942187 0.4140625 0.951562 0.425 0.951562 0.459375 0.957812 0.471875 0.95937 0.4828125 0.960937 0.4890625 0.954687 0.496875 0.948437 0.503125 0.9437 0.5046875 0.939062 0.50625 0.92812 0.509375 0.904687 0.515625 0.8562 0.5265625 0.77 0.534375 0.71562 0.5375 0.692187 0.5390625 0.679687 0.5390625 0.673437 0.51875 0.673437 0.4734375 0.670312 
0 0.346875 0.66562 0.3453125 0.67812 0.3421875 0.70312 0.3328125 0.77812 0.3296875 0.79062 0.3125 0.926562 0.3109375 0.939062 0.3109375 0.945312 0.31875 0.945312 0.3453125 0.951562 0.3609375 0.951562 0.3765625 0.9 0.384375 0.94687 0.3859375 0.939062 0.3875 0.9312 0.3921875 0.9062 0.3953125 0.8812 0.4265625 0.72187 0.434375 0.679687 0.4359375 0.670312 0.4359375 0.66562 0.4328125 0.66562 0.3859375 0.662 
0 0.2015625 0.667187 0.2015625 0.67 0.196875 0.701562 0.1890625 0.737 0.1859375 0.764062 0.16875 0.85312 0.1578125 0.91562 0.1578125 0.92 0.1625 0.935937 0.1640625 0.942187 0.175 0.9437 0.184375 0.9437 0.1953125 0.94687 0.20625 0.948437 0.2125 0.948437 0.2265625 0.94687 0.240625 0.945312 0.2546875 0.9437 0.2671875 0.94062 0.2734375 0.9312 0.2859375 0.912 0.2890625 0.907812 0.290625 0.898437 0.29375 0.876562 0.3 0.83437 0.3125 0.751562 0.325 0.667187 0.325 0.65937 0.3109375 0.65937 0.253125 0.6562 
0 0.3578125 0. 0.3546875 0.6187 0.3515625 0.62812 0.35 0.637 0.3484375 0.64687 0.3671875 0.64687 0.390625 0.6 0.45625 0.654687 0.5234375 0.65937 0.5453125 0.660937 0.546875 0.657812 0.546875 0.63437 0.55 0.60937 0.55 0.598437 0.5140625 0.598437 0.471875 0.59687 0.428125 0.5937 0.3859375 0.592187 
0 0.084375 0.545312 0.0828125 0.557812 0.075 0.614062 0.0578125 0.737 0.053125 0.770312 0.0515625 0.779687 0.05 0.789062 0.046875 0.8062 0.0375 0.848437 0.0296875 0.89062 0.0265625 0.907812 0.025 0.917187 0.0265625 0.923437 0.028125 0.9312 0.0296875 0.93437 0.0453125 0.93437 0.0640625 0.937 0.1015625 0.94062 0.1203125 0.942187 0.125 0.942187 0.125 0.939062 0.1296875 0.92812 0.134375 0.912 0.1375 0.901562 0.1390625 0.8937 0.140625 0.88437 0.1453125 0.854687 0.15625 0.78437 0.159375 0.764062 0.1640625 0.7312 0.1703125 0.68437 0.1796875 0.614062 0.184375 0.567187 0.1875 0.554687 0.1875 0.545312 0.178125 0.545312 0.1625 0.5437 0.0984375 0.535937 
0 0.878125 0.532812 0.8765625 0.537 0.878125 0.54687 0.88125 0.5562 0.88125 0.564062 0.875 0.607812 0.8671875 0.660937 0.8296875 0.904687 0.825 0.937 0.825 0.94687 0.828125 0.94687 0.884375 0.9 0.921875 0.9 0.921875 0.945312 0.9265625 0.9312 0.928125 0.923437 0.9296875 0.914062 0.9328125 0.892187 0.9390625 0.848437 0.978125 0.57 0.9796875 0.557812 0.9796875 0.529687 0.9703125 0.529687 0.9359375 0.523437 0.9125 0.520312 0.9015625 0.5187 0.890625 0.517187 
0 0.7625 0.512 0.7609375 0.520312 0.759375 0.5312 0.7546875 0.55937 0.74375 0.626562 0.740625 0.64687 0.7328125 0.698437 0.7140625 0.82187 0.70625 0.873437 0.7015625 0.904687 0.7015625 0.92812 0.703125 0.94687 0.7140625 0.957812 0.721875 0.95937 0.7375 0.962 0.7546875 0.960937 0.765625 0.960937 0.7765625 0.96562 0.7875 0.97187 0.8015625 0.97187 0.8015625 0.96562 0.803125 0.95312 0.80625 0.9312 0.8125 0.895312 0.825 0.80312 0.8609375 0.537 0.8625 0.526562 0.8625 0.52187 0.859375 0.520312 0.853125 0.520312 0.8375 0.517187 0.8296875 0.514062 0.7921875 0.5062 0.778125 0.504687 
0 0.2265625 0.507812 0.2234375 0.5187 0.2203125 0.54062 0.2125 0.5937 0.2078125 0.62 0.20625 0.635937 0.215625 0.635937 0.2375 0.637 0.2828125 0.642187 0.3046875 0.6437 0.321875 0.6437 0.3234375 0.64062 0.3234375 0.632812 0.3328125 0.58437 0.3421875 0.526562 0.34375 0.51562 0.340625 0.51562 0.3296875 0.514062 0.3171875 0.510937 0.2828125 0.5062 0.2484375 0.50312 0.2359375 0. 
0 0.596875 0.45937 0.596875 0.470312 0.5875 0.52812 0.584375 0.562 0.5515625 0.792187 0.53125 0.951562 0.5296875 0.960937 0.65625 0.960937 0.65625 0.9562 0.659375 0.945312 0.659375 0.935937 0.665625 0.9062 0.665625 0.89687 0.671875 0.857812 0.734375 0.47812 0.7359375 0.467187 0.7375 0.457812 0.7375 0.45312 0.7265625 0.45312 0.684375 0.4 0.6421875 0.448437 0.6015625 0.44687 
0 0.528125 0.17 0.5265625 0.17812 0.5265625 0.187 0.521875 0.210937 0.521875 0.22187 0.50625 0.33437 0.5046875 0.345312 0.503125 0.3562 0.4921875 0.4312 0.478125 0.517187 0.4734375 0.5 0.4734375 0.573437 0.5 0.573437 0.5421875 0.57 0.5484375 0.573437 0.553125 0.57187 0.55625 0.5687 0.55625 0.560937 0.559375 0.542187 0.5609375 0.53437 0.5640625 0.520312 0.5734375 0.487 0.5765625 0.473437 0.578125 0.4562 0.578125 0.4312 0.5796875 0.404687 0.58125 0.39062 0.5859375 0.36562 0.59375 0.32 0.5984375 0. 0.6171875 0.20937 0.6203125 0.192187 0.6203125 0.1812 0.61875 0.173437 
0 0.421875 0.179687 0.41875 0.201562 0.409375 0.267187 0.409375 0.27812 0.3921875 0.389062 0.3765625 0. 0.36875 0.5562 0.3671875 0.567187 0.378125 0.567187 0.3953125 0.5687 0.4140625 0.57187 0.4265625 0.57187 0.4421875 0.56562 0.4453125 0.56562 0.4453125 0.557812 0.4484375 0.54687 0.4515625 0.520312 0.4609375 0.464062 0.4640625 0.454687 0.4796875 0.360937 0.5078125 0.192187 0.509375 0.182812 0.509375 0.17812 0.50625 0.173437 0.50625 0.170312 0.5046875 0.167187 
0 0.834375 0.029687 0.8328125 0.04062 0.83125 0.051562 0.825 0.092187 0.8109375 0.18437 0.8078125 0.204687 0.796875 0.273437 0.778125 0.3812 0.76875 0.44062 0.7671875 0.467187 0.7671875 0.4812 0.7765625 0.4812 0.8 0.485937 0.8359375 0.49062 0.846875 0.492187 0.85 0.492187 0.85625 0.49062 0.8625 0.487 0.865625 0.487 0.865625 0.47812 0.86875 0.45312 0.8765625 0.404687 0.884375 0.332812 0.8875 0.30937 0.890625 0.29062 0.90625 0.19687 0.93125 0.0562 0.93125 0.04062 0.9296875 0.03437 0.9203125 0.03437 0.9046875 0.032812 0.85625 0.026562 0.840625 0.02 
