0 0.8296875 0.66562 0.8265625 0.67187 0.81875 0.689062 0.803125 0.723437 0.8 0.7312 0.7984375 0.735937 0.796875 0.754687 0.79375 0.767187 0.7859375 0.798437 0.784375 0.80312 0.78125 0.8062 0.7765625 0.80937 0.7703125 0.812 0.765625 0.817187 0.7453125 0.829687 0.7296875 0.84062 0.7296875 0.87812 0.728125 0.94062 0.7296875 0.9562 0.73125 0.9687 0.75 0.987 0.75625 0.97812 0.759375 0.970312 0.771875 0.951562 0.796875 0.907812 0.8515625 0.812 0.8640625 0.7937 0.91875 0. 0.921875 0.692187 0.925 0.689062 0.9265625 0.68437 0.921875 0.68437 0.9078125 0.6812 0.840625 0.664062 
0 0.2890625 0.648437 0.28125 0.6562 0.2546875 0.689062 0.2296875 0.72187 0.221875 0.729687 0.2171875 0.735937 0.21875 0.745312 0.221875 0.764062 0.2265625 0.792187 0.234375 0.837 0.2359375 0.84687 0.2375 0.851562 0.240625 0.8562 0.25 0.870312 0.253125 0.87812 0.2484375 0.892187 0.246875 0. 0.2484375 0.90937 0.2515625 0.92 0.2546875 0.942187 0.2578125 0.957812 0.259375 0.96562 0.2609375 0.9687 0.2640625 0.9687 0.271875 0.97187 0.284375 0.97 0.340625 0.989062 0.346875 0.99062 0.3484375 0.98437 0.3515625 0.976562 0.3546875 0.95937 0.359375 0.942187 0.3609375 0.939062 0.3671875 0.935937 0.3734375 0.93437 0.3875 0.9312 0.39375 0.929687 0.4140625 0.92 0.5296875 0.898437 0.5359375 0.898437 0.540625 0.89687 0.515625 0.87187 0.4890625 0.842187 0.4609375 0.814062 0.4078125 0.7562 0.325 0.6687 0.2984375 0.64062 
0 0.3265625 0.598437 0.3140625 0.610937 0.303125 0.623437 0.303125 0.626562 0.3328125 0.657812 0.39375 0.720312 0.4546875 0.782812 0.515625 0.845312 0.5578125 0.887 0.5609375 0.889062 0.5734375 0.89062 0.5875 0.89062 0.59375 0.887 0.628125 0.870312 0.6375 0.85937 0.6015625 0.823437 0.559375 0.78437 0.390625 0.62187 0.35 0.5812 0.3453125 0.57812 
0 0.74375 0.582812 0.73125 0.598437 0.7171875 0.612 0.6796875 0.6562 0.6265625 0.714062 0.5890625 0.757812 0.575 0.77187 0.571875 0.776562 0.628125 0.832812 0.6484375 0.851562 0.6515625 0.851562 0.6578125 0.848437 0.665625 0.845312 0.6796875 0.837 0.6828125 0.837 0.6890625 0.83437 0.6484375 0.7937 0.609375 0.751562 0.6203125 0.742187 0.7046875 0.82 0.7078125 0.82187 0.715625 0.817187 0.7421875 0.80312 0.7484375 0.798437 0.7359375 0.785937 0.71875 0.77187 0.6734375 0.729687 0.65625 0.71562 0.6515625 0.710937 0.6609375 0.701562 0.671875 0.712 0.6859375 0.723437 0.7390625 0.770312 0.7515625 0.782812 0.7609375 0.79062 0.7671875 0.782812 0.771875 0.776562 0.7765625 0.770312 0.7765625 0.745312 0.765625 0.73437 0.721875 0.69687 0.7078125 0.682812 0.690625 0.6687 0.69375 0.66562 0.696875 0.65937 0.7 0.6562 0.7203125 0.676562 0.7421875 0.69687 0.765625 0.7187 0.7828125 0.732812 0.784375 0.729687 0.7859375 0.726562 0.7859375 0.723437 0.8 0.6937 0.8 0.69062 0.7875 0.679687 0.7484375 0.64687 0.7359375 0.635937 0.728125 0.626562 0.7296875 0.623437 0.7359375 0.6187 0.7421875 0.62 0.7625 0.64062 0.7828125 0.654687 0.7890625 0.660937 0.803125 0.670312 0.8078125 0.67 0.809375 0.667187 0.8125 0.65937 0.8140625 0.645312 0.8171875 0.637 0.8171875 0.6312 0.81875 0.62 0.809375 0.617187 0.7796875 0.592187 0.7703125 0.58437 0.7609375 0.576562 
0 0.6046875 0.45937 0.5921875 0.47 0.5703125 0.50312 0.503125 0.589062 0.453125 0.65312 0.4515625 0.657812 0.5609375 0.76562 0.5671875 0.75937 0.58125 0.742187 0.6109375 0.70937 0.6546875 0.662 0.696875 0.614062 0.7125 0.598437 0.7265625 0.582812 0.740625 0.567187 0.7484375 0.557812 0.7375 0.548437 0.7265625 0.54062 0.7171875 0.5312 0.66875 0.49062 0.6609375 0.48437 0.65625 0.4812 0.6125 0.45312 
0 0.4875 0.398437 0.46875 0.42187 0.4484375 0.44687 0.3921875 0.5187 0.384375 0.526562 0.365625 0.5 0.359375 0.557812 0.3546875 0.564062 0.3765625 0.585937 0.4234375 0.6312 0.4390625 0.645312 0.44375 0.64062 0.4515625 0.6312 0.4578125 0.62187 0.4796875 0.595312 0.5609375 0.498437 0.5828125 0.47187 0.5890625 0.462 0.596875 0.454687 0.6 0.4 0.59375 0.44687 0.575 0.43437 0.5671875 0.4312 0.5015625 0.39062 0.4984375 0.389062 
0 0.2046875 0.27812 0.2015625 0.28437 0.1921875 0.30312 0.1921875 0.3062 0.1484375 0.392187 0.1484375 0.401562 0.1515625 0.417187 0.1578125 0.448437 0.16875 0.504687 0.190625 0.61562 0.2109375 0.710937 0.2125 0.717187 0.21875 0.70937 0.23125 0.6937 0.2703125 0.645312 0.3390625 0.557812 0.346875 0.5 0.403125 0.479687 0.409375 0.47187 0.4140625 0.46562 0.3984375 0.4 0.378125 0.432812 0.303125 0.364062 0.284375 0.345312 0.228125 0.2937 0.209375 0.276562 
0 0.8 0.2562 0.7984375 0.2687 0.7859375 0.3187 0.784375 0.332812 0.759375 0.439062 0.7421875 0.517187 0.740625 0.52 0.740625 0.5312 0.746875 0.537 0.7625 0.551562 0.7953125 0.5812 0.8109375 0.595312 0.825 0.607812 0.828125 0. 0.828125 0.5937 0.8296875 0.587 0.83125 0.5812 0.834375 0.57 0.8421875 0.570312 0.859375 0.5562 0.884375 0.539062 0.8890625 0.53437 0.89375 0.5312 0.8953125 0.52812 0.896875 0.5187 0.9 0.498437 0.909375 0.442187 0.909375 0.43437 0.9046875 0.43437 0.88125 0.437 0.875 0.432812 0.8671875 0.426562 0.8609375 0.420312 0.8609375 0.373437 0.8625 0.370312 0.8703125 0.3562 0.875 0.348437 0.884375 0.335937 0.8890625 0.32812 0.890625 0.32 0.890625 0.31562 0.8890625 0.301562 0.8875 0.289062 0.8828125 0.285937 0.875 0.2812 0.8671875 0.276562 0.859375 0.273437 0.8328125 0.2562 0.828125 0.254687 0.8171875 0.25312 0.8109375 0.2 0.80625 0.2 
0 0.40625 0.217187 0.3890625 0.237 0.3140625 0.317187 0.296875 0.337 0.3140625 0.35312 0.3484375 0.38437 0.4 0.4312 0.415625 0.445312 0.4265625 0.45312 0.434375 0.4437 0.446875 0.42812 0.515625 0.3437 0.521875 0.335937 0.5265625 0.32812 0.515625 0.317187 0.496875 0.295312 0.4296875 0.21562 
0 0.2234375 0.0437 0.221875 0.048437 0.2203125 0.0562 0.21875 0.064062 0.2140625 0.089062 0.2140625 0.126562 0.215625 0.139062 0.2171875 0.14687 0.2203125 0.160937 0.225 0.17 0.2265625 0.182812 0.228125 0.189062 0.2265625 0.198437 0.225 0.20937 0.2203125 0.237 0.2171875 0.24687 0.215625 0.254687 0.215625 0.257812 0.2375 0.279687 0.2625 0.30312 0.2875 0.32 0.334375 0.27812 0.4125 0.198437 0.4125 0.195312 0.4 0.182812 0.375 0.154687 0.3515625 0.126562 0.2640625 0.02812 
