0 0.5015625 0.79687 0.5 0.80312 0.496875 0.81562 0.496875 0.82187 0.4796875 0.89062 0.478125 0.895312 0.4859375 0.895312 0.50625 0.89687 0.528125 0. 0.5484375 0. 0.7125 0.914062 0.7546875 0.917187 0.775 0.9187 0.775 0.8437 0.7734375 0.810937 0.7671875 0.810937 0.740625 0.80937 0.7140625 0.8062 0.634375 0.801562 0.5296875 0.795312 
0 0.5171875 0.72812 0.5171875 0.73437 0.5109375 0.75937 0.509375 0.7687 0.5078125 0.776562 0.509375 0.7812 0.534375 0.7812 0.6109375 0.785937 0.6875 0.792187 0.7390625 0.795312 0.7640625 0.79687 0.775 0.79687 0.7890625 0.7937 0.7890625 0.787 0.7859375 0.77 0.7859375 0.76562 0.7890625 0.760937 0.7953125 0.75312 0.796875 0.7 0.796875 0.74062 0.784375 0.74062 0.7546875 0.737 0.7265625 0.737 0.640625 0.7312 0.5546875 0.726562 0.525 0.72 
0 0.5140625 0.64687 0.515625 0.712 0.54375 0.712 0.5765625 0.71562 0.6078125 0.71562 0.671875 0.720312 0.7359375 0.723437 0.8 0.726562 0.8328125 0.72812 0.846875 0.72812 0.846875 0.72 0.8484375 0.714062 0.8515625 0.692187 0.8609375 0.639062 0.8625 0.62812 0.8625 0.62187 0.825 0.62187 0.7671875 0.6187 0.7109375 0.6187 0.596875 0.614062 0.540625 0.612 
0 0.0359375 0. 0.0359375 0.60312 0.0328125 0.607812 0.0265625 0.62 0.015625 0.651562 0.0046875 0.679687 0.003125 0.68437 0.0109375 0.68437 0.040625 0.685937 0.13125 0.692187 0.43125 0.707812 0.4625 0.70937 0.4921875 0.710937 0.5046875 0.710937 0.5046875 0.6937 0.5015625 0.670312 0.5 0.62812 0.4984375 0.60937 0.49375 0.60937 0.43125 0.607812 0.30625 0.604687 0.1171875 0.598437 0.0546875 0.59687 
0 0.509375 0.587 0.5109375 0.598437 0.5140625 0.598437 0.5765625 0. 0.6390625 0.601562 0.7640625 0.6062 0.8265625 0.607812 0.86875 0.607812 0.86875 0.604687 0.8703125 0.5937 0.871875 0.582812 0.8765625 0.551562 0.884375 0.50937 0.8859375 0.498437 0.8875 0.487 0.8875 0.4812 0.8765625 0.4812 0.7390625 0.47812 0.6015625 0.476562 
0 0.0875 0.47 0.0859375 0.47812 0.0828125 0.485937 0.0765625 0.501562 0.075 0.5062 0.05 0.567187 0.046875 0.57812 0.04375 0.58437 0.0765625 0.58437 0.1265625 0.585937 0.2265625 0.589062 0.428125 0.59687 0.478125 0.598437 0.4921875 0.598437 0.4921875 0.55312 0.49375 0.47 0.4109375 0.47 0.240625 0.47187 
0 0.303125 0.329687 0.225 0.3312 0.1484375 0.332812 0.1390625 0.335937 0.1375 0.34062 0.1359375 0.3 0.128125 0.373437 0.1265625 0.38437 0.1234375 0.395312 0.1203125 0.4062 0.11875 0.410937 0.1140625 0.420312 0.0953125 0.454687 0.325 0.4562 0.4015625 0.4562 0.403125 0.3812 0.403125 0.32812 
0 0.5921875 0.326562 0.5015625 0.32812 0.4203125 0.329687 0.4203125 0.373437 0.421875 0.439062 0.4234375 0.457812 0.4390625 0.457812 0.496875 0.460937 0.6703125 0.46562 0.7265625 0.467187 0.73125 0.467187 0.73125 0.435937 0.7296875 0.370312 0.728125 0.32 
0 0.7421875 0.392187 0.740625 0.462 0.76875 0.462 0.8109375 0.46562 0.853125 0.467187 0.896875 0.4687 0.9 0.467187 0.9046875 0.464062 0.9109375 0.45937 0.91875 0.45312 0.921875 0.454687 0.9265625 0.45937 0.9296875 0.460937 0.9359375 0.460937 0.9453125 0.457812 0.946875 0.420312 0.9484375 0.37812 0.95 0.335937 0.95 0.32 0.8859375 0.32 0.753125 0.32187 
0 0.653125 0.167187 0.5421875 0.170312 0.2640625 0.17812 0.2078125 0.179687 0.190625 0.182812 0.1890625 0.187 0.1875 0.192187 0.18125 0.217187 0.159375 0.287 0.153125 0.312 0.1515625 0.31562 0.2171875 0.31562 0.3140625 0.314062 0.603125 0.307812 0.6984375 0.307812 0.7265625 0.3062 0.7265625 0.237 0.725 0.16562 
