0 0.6078125 0.787 0.5953125 0.7937 0.565625 0.807812 0.48125 0.848437 0.475 0.851562 0.475 0.854687 0.4796875 0.862 0.490625 0.887 0.5359375 0.97812 0.5390625 0.97812 0.546875 0.97 0.5578125 0.970312 0.625 0.94062 0.653125 0.92812 0.65625 0.926562 0.653125 0.920312 0.653125 0.917187 0.6484375 0.9062 0.6296875 0.86562 0.6265625 0.857812 0.6265625 0.854687 0.6421875 0.84062 0.6421875 0.837 0.6390625 0.8312 0.6328125 0.81562 0.621875 0.7937 0.621875 0.79062 0.61875 0.78437 
0 0.521875 0.598437 0.515625 0.601562 0.484375 0.617187 0.4140625 0.65312 0.3859375 0.6687 0.3875 0.67187 0.3921875 0.682812 0.4015625 0.701562 0.41875 0.737 0.4625 0.826562 0.4625 0.829687 0.465625 0.835937 0.4671875 0.839062 0.4703125 0.84062 0.4734375 0.839062 0.490625 0.829687 0.49375 0.829687 0.5671875 0.795312 0.59375 0.782812 0.609375 0.77 0.609375 0.77187 0.6046875 0.764062 0.596875 0.745312 0.58125 0.712 0.5484375 0.6437 0.53125 0.607812 
0 0.6625 0.595312 0.6203125 0.61562 0.6171875 0.6187 0.565625 0.6437 0.5671875 0.64687 0.571875 0.657812 0.58125 0.67812 0.590625 0.698437 0.6015625 0.7187 0.6109375 0.742187 0.615625 0.7 0.6203125 0.75937 0.6234375 0.757812 0.63125 0.754687 0.653125 0.745312 0.6890625 0.72812 0.7140625 0.7187 0.725 0.712 0.7296875 0.70937 0.728125 0.7062 0.721875 0.695312 0.721875 0.692187 0.7109375 0.670312 0.68125 0.6062 0.6734375 0.59062 
0 0.125 0.407812 0.1140625 0.412 0.084375 0.42 0.03125 0.44687 0.028125 0.448437 0.025 0.4 0.0234375 0.45312 0.025 0.4562 0.028125 0.460937 0.028125 0.464062 0.0375 0.4812 0.0578125 0.523437 0.153125 0.720312 0.1703125 0.754687 0.1734375 0.754687 0.18125 0.7 0.2 0.742187 0.2453125 0.720312 0.290625 0.698437 0.38125 0.65312 0.384375 0.65312 0.4 0.645312 0.3984375 0.642187 0.3953125 0.635937 0.3890625 0.623437 0.3765625 0.598437 0.3140625 0.473437 0.3125 0.470312 0.309375 0.4687 0.30625 0.470312 0.3 0.473437 0.2671875 0.49062 0.2640625 0.49062 0.19375 0.523437 0.1921875 0.520312 0.184375 0.50312 0.18125 0. 0.15625 0.448437 
0 0.740625 0.40312 0.7203125 0.412 0.65625 0.4437 0.6359375 0.45312 0.6328125 0.45312 0.6265625 0.4562 0.6234375 0.457812 0.621875 0.460937 0.6234375 0.464062 0.6265625 0.470312 0.6375 0.49062 0.6375 0.4937 0.671875 0.562 0.7640625 0.748437 0.7640625 0.751562 0.796875 0.817187 0.8015625 0.81562 0.815625 0.80937 0.85625 0.792187 0.8671875 0.785937 0.9140625 0.767187 0.921875 0.762 0.9203125 0.75937 0.9171875 0.75312 0.9078125 0.732812 0.890625 0.69687 0.8515625 0.61562 0.8015625 0.510937 0.7828125 0.47 0.765625 0.435937 0.7484375 0.401562 
0 0.4 0.370312 0.396875 0.370312 0.3828125 0.37812 0.365625 0.38437 0.3140625 0.407812 0.3046875 0.412 0.3046875 0.41562 0.309375 0.423437 0.3171875 0.439062 0.340625 0.489062 0.378125 0.562 0.378125 0.56562 0.4140625 0.637 0.41875 0.635937 0.425 0.632812 0.4671875 0.610937 0.4703125 0.610937 0.5203125 0.585937 0.5203125 0.582812 0.515625 0.57 0.5078125 0.55937 0.49375 0.529687 0.478125 0.49687 0.421875 0.382812 0.4125 0.364062 
0 0.51875 0.310937 0.5046875 0.317187 0.475 0.3312 0.425 0.3562 0.425 0.35937 0.4296875 0.367187 0.4375 0.385937 0.4546875 0.4187 0.5453125 0.60312 0.5453125 0.6062 0.5578125 0.6312 0.5609375 0.629687 0.5671875 0.626562 0.5859375 0.617187 0.6453125 0.585937 0.6484375 0.582812 0.659375 0.57812 0.6625 0.576562 0.6640625 0.573437 0.6625 0.570312 0.659375 0.564062 0.653125 0.551562 0.640625 0.526562 0.575 0.395312 0.5296875 0.3062 
0 0.171875 0.217187 0.1078125 0.251562 0.0828125 0.26562 0.084375 0.270312 0.0875 0.276562 0.09375 0.289062 0.1265625 0.35312 0.1265625 0.3562 0.196875 0.49687 0.2015625 0.4937 0.209375 0.49062 0.225 0.482812 0.2953125 0.445312 0.3 0.442187 0.2984375 0.437 0.2953125 0.4312 0.2859375 0.414062 0.2859375 0.410937 0.265625 0.37187 0.190625 0.21562 0.190625 0.212 0.1890625 0.20937 
0 0.64375 0.2062 0.640625 0.2062 0.6046875 0.22187 0.54375 0.248437 0.5296875 0.254687 0.5234375 0.257812 0.525 0.262 0.528125 0.2687 0.534375 0.2812 0.546875 0.3062 0.6125 0.437 0.6140625 0.44062 0.6171875 0.442187 0.6203125 0.44062 0.6265625 0.437 0.6625 0.4187 0.665625 0.4187 0.734375 0.38437 0.7375 0.382812 0.7390625 0.379687 0.7359375 0.37 0.7359375 0.37187 0.7296875 0.35937 0.71875 0.335937 0.6828125 0.260937 0.6640625 0.22 0.6640625 0.22187 0.65625 0.2062 0.6546875 0.20312 
0 0.296875 0.1 0.284375 0.1562 0.2 0.198437 0.2015625 0.201562 0.2046875 0.207812 0.2109375 0.220312 0.2234375 0.245312 0.3015625 0.401562 0.3046875 0. 0.3109375 0.39687 0.3140625 0.3937 0.325 0.389062 0.3859375 0.35312 0.396875 0.348437 0.4 0.345312 0.403125 0.342187 0.4015625 0.339062 0.390625 0.3187 0.390625 0.31562 0.3734375 0.2812 0.3203125 0.170312 0.3078125 0.145312 
0 0.834375 0.1187 0.83125 0.1187 0.7796875 0.145312 0.725 0.170312 0.7015625 0.182812 0.6734375 0.19687 0.675 0. 0.678125 0.2062 0.6859375 0.223437 0.703125 0.2562 0.7953125 0.4 0.7984375 0.4562 0.8046875 0.45312 0.8078125 0.45312 0.8265625 0.4437 0.8515625 0.4312 0.91875 0.401562 0.9625 0.379687 0.965625 0.379687 0.975 0.37 0.978125 0.373437 0.9796875 0.370312 0.978125 0.367187 0.975 0.360937 0.9609375 0.33437 0.9609375 0.3312 0.9390625 0.287 0.8625 0.12812 0.853125 0.10937 
0 0.415625 0.092187 0.403125 0.098437 0.31875 0.14062 0.31875 0.1437 0.3234375 0.151562 0.3296875 0.16562 0.3359375 0.179687 0.3578125 0.223437 0.4109375 0.332812 0.4109375 0.335937 0.4125 0.339062 0.415625 0.34062 0.4203125 0.337 0.4234375 0.337 0.440625 0.329687 0.478125 0.310937 0.4984375 0.30312 0.515625 0.2937 0.51875 0.2937 0.521875 0.292187 0.5234375 0.289062 0.521875 0.285937 0.5140625 0.27187 0.5140625 0.2687 0.5015625 0.2437 0.4359375 0.107812 0.4359375 0.104687 0.4296875 0.092187 0.428125 0.089062 
0 0.5578125 0.02 0.540625 0.03437 0.471875 0.06562 0.4421875 0.079687 0.4390625 0.0812 0.4390625 0.08437 0.44375 0.092187 0.4625 0.1312 0.4953125 0.195312 0.521875 0.245312 0.5296875 0.242187 0.5421875 0.235937 0.5734375 0.22187 0.6421875 0.19062 0.6484375 0.187 0.646875 0.182812 0.6421875 0.17 0.6421875 0.17187 0.6328125 0.151562 0.6140625 0.110937 0.575 0.026562 0.571875 0.020312 
