0 0.43125 0.70312 0.4140625 0.712 0.4109375 0.712 0.371875 0.732812 0.215625 0.807812 0.2125 0.807812 0.209375 0.80937 0.2078125 0.812 0.2109375 0.81562 0.2171875 0.826562 0.2515625 0.89062 0.265625 0.91562 0.2703125 0.914062 0.2765625 0.910937 0.2890625 0.904687 0.353125 0.87187 0.35625 0.87187 0.496875 0.801562 0.49375 0.79687 0.490625 0.789062 0.4828125 0.773437 0.4453125 0.70312 0.4421875 0.698437 
0 0.6421875 0. 0.6359375 0.60312 0.6234375 0.60937 0.5984375 0.62187 0.4734375 0.68437 0.4703125 0.685937 0.46875 0.689062 0.4703125 0.692187 0.4734375 0.698437 0.490625 0.7312 0.490625 0.73437 0.5234375 0.804687 0.5203125 0.8062 0.503125 0.814062 0.5 0.817187 0.4484375 0.842187 0.4046875 0.86562 0.4078125 0.873437 0.4125 0.88437 0.425 0.914062 0.446875 0.967187 0.4484375 0.970312 0.45 0.973437 0.453125 0.97 0.45625 0.973437 0.4609375 0.970312 0.4640625 0.970312 0.48125 0.960937 0.5234375 0.94062 0.7203125 0.845312 0.7546875 0.82812 0.7546875 0.82 0.75 0.817187 0.7421875 0.798437 0.7203125 0.75312 0.6984375 0.707812 0.653125 0.617187 0.653125 0.614062 
0 0.31875 0.607812 0.315625 0.607812 0.28125 0.62 0.1703125 0.67812 0.1453125 0.69062 0.146875 0.695312 0.15 0.701562 0.15625 0.714062 0.1984375 0.798437 0.2015625 0.79687 0.2078125 0.7937 0.2203125 0.787 0.2453125 0.77 0.4015625 0.69687 0.4 0.6937 0.396875 0.687 0.39375 0.68437 0.3890625 0.673437 0.353125 0.612 0.3484375 0.601562 0.3453125 0.598437 
0 0.575 0.482812 0.559375 0.49062 0.5296875 0.504687 0.496875 0.520312 0.3828125 0.576562 0.3640625 0.585937 0.365625 0.59062 0.3703125 0.598437 0.3703125 0.601562 0.378125 0.61562 0.384375 0.632812 0.4078125 0.68437 0.4125 0.6937 0.415625 0.6937 0.4234375 0.689062 0.4390625 0.6812 0.4890625 0.657812 0.5625 0.620312 0.565625 0.620312 0.6375 0.58437 0.6359375 0.579687 0.6328125 0.573437 0.6109375 0.5312 0.6109375 0.52812 0.5859375 0.47812 
0 0.271875 0.48437 0.26875 0.48437 0.24375 0.49687 0.1078125 0.562 0.1046875 0.562 0.0921875 0.5687 0.0890625 0.570312 0.0875 0.573437 0.0890625 0.576562 0.0921875 0.582812 0.0984375 0.595312 0.140625 0.679687 0.14375 0.679687 0.1515625 0.67 0.165625 0.6687 0.1796875 0.662 0.2234375 0.64062 0.3328125 0.587 0.3359375 0.587 0.3390625 0.585937 0.340625 0.582812 0.3375 0.57812 0.3375 0.57 0.3296875 0.557812 0.3109375 0.520312 0.303125 0. 0.29375 0.482812 0.29375 0.479687 0.2921875 0.476562 
0 0.7640625 0.3937 0.7453125 0.401562 0.7125 0.417187 0.64375 0.4 0.6078125 0.467187 0.596875 0.473437 0.5984375 0.476562 0.6015625 0.482812 0.6171875 0.514062 0.653125 0.58437 0.66875 0.612 0.671875 0.610937 0.6828125 0.6062 0.7015625 0.59687 0.7375 0.579687 0.8265625 0.535937 0.8296875 0.535937 0.8359375 0.532812 0.8390625 0.5312 0.840625 0.52812 0.8390625 0.52 0.8296875 0.507812 0.8296875 0.504687 0.7953125 0.4312 0.7828125 0.404687 0.775 0.389062 
0 0.175 0.3562 0.171875 0.3562 0.1515625 0.36562 0.1109375 0.38437 0.0265625 0.423437 0.0203125 0.426562 0.0203125 0.429687 0.025 0.44062 0.034375 0.457812 0.065625 0.526562 0.0796875 0.5562 0.08125 0.55937 0.084375 0.55937 0.0921875 0.554687 0.13125 0.535937 0.1953125 0.50312 0.2453125 0.476562 0.2421875 0.4687 0.2359375 0.4562 0.221875 0.42 0.190625 0.3562 0.1875 0.3 
0 0.9171875 0.345312 0.90625 0.3 0.865625 0.3687 0.8578125 0.37187 0.8546875 0.37187 0.840625 0.3562 0.8375 0.3562 0.83125 0.35937 0.815625 0.36562 0.79375 0.376562 0.790625 0.376562 0.784375 0.379687 0.784375 0.382812 0.7875 0.39062 0.79375 0.40312 0.8078125 0.432812 0.8484375 0.517187 0.8515625 0.523437 0.8546875 0.523437 0.8625 0.5187 0.8875 0.507812 0.978125 0.462 0.978125 0.45937 0.975 0.451562 0.9703125 0.44062 0.940625 0.373437 0.928125 0.345312 0.9265625 0.342187 
0 0.5640625 0.339062 0.5515625 0.345312 0.5265625 0.357812 0.3953125 0.423437 0.30625 0.4687 0.30625 0.47187 0.3109375 0.479687 0.3171875 0.4937 0.33125 0.523437 0.35625 0.573437 0.359375 0.573437 0.3671875 0.5687 0.3859375 0.560937 0.41875 0.5437 0.603125 0.45312 0.60625 0.45312 0.63125 0.44062 0.6296875 0.437 0.6265625 0.4312 0.6171875 0.412 0.5859375 0.35312 0.5828125 0.3 0.578125 0.339062 0.5765625 0.335937 
0 0.6953125 0.276562 0.6921875 0.276562 0.6703125 0.287 0.60625 0.317187 0.590625 0.32 0.590625 0.32812 0.5953125 0.335937 0.615625 0.37812 0.61875 0.3812 0.64375 0.432812 0.646875 0.4312 0.6578125 0.426562 0.678125 0.417187 0.6984375 0.407812 0.71875 0.39687 0.7421875 0.387 0.75 0.382812 0.759375 0.37812 0.7578125 0.37 0.7546875 0.367187 0.7453125 0.345312 0.728125 0.30937 0.71875 0.28437 0.7125 0.273437 0.7109375 0.2687 
0 0.371875 0.262 0.359375 0.2687 0.3359375 0.279687 0.2609375 0.31562 0.225 0.33437 0.221875 0.33437 0.20625 0.342187 0.203125 0.3437 0.2015625 0.34687 0.203125 0.3 0.20625 0.354687 0.20625 0.357812 0.221875 0.3937 0.2484375 0.454687 0.2546875 0.4687 0.2578125 0.47 0.2625 0.473437 0.26875 0.470312 0.28125 0.464062 0.30625 0.451562 0.4375 0.385937 0.440625 0.38437 0.4421875 0.3812 0.440625 0.37812 0.4375 0.37187 0.41875 0.335937 0.41875 0.332812 0.384375 0.264062 0.3828125 0.260937 
0 0.759375 0.07812 0.753125 0.0812 0.7328125 0.09062 0.696875 0.107812 0.615625 0.14687 0.5109375 0.19687 0.475 0.21562 0.4359375 0.232812 0.4015625 0.2 0.4015625 0.25312 0.403125 0.257812 0.4125 0.27812 0.44375 0.342187 0.453125 0.362 0.453125 0.36562 0.45625 0.37187 0.4578125 0.37 0.4609375 0.376562 0.4640625 0.37 0.4703125 0.37187 0.490625 0.360937 0.49375 0.360937 0.5625 0.326562 0.7484375 0.23437 0.7515625 0.23437 0.8171875 0.201562 0.815625 0.19687 0.809375 0.182812 0.7921875 0.142187 0.7859375 0.1312 0.7671875 0.08437 
0 0.3609375 0.023437 0.334375 0.037 0.33125 0.037 0.2875 0.05937 0.128125 0.135937 0.109375 0.145312 0.1109375 0.1 0.11875 0.164062 0.11875 0.167187 0.1453125 0.2187 0.1703125 0.273437 0.1828125 0.29687 0.196875 0.32 0.2 0.323437 0.20625 0.320312 0.2234375 0.312 0.25625 0.295312 0.45 0.20312 0.45625 0. 0.453125 0.1937 0.453125 0.19062 0.44375 0.17187 0.43125 0.14687 0.4015625 0.079687 0.3796875 0.035937 0.3796875 0.032812 0.375 0.023437 0.3734375 0.020312 
