0 0.321875 0.742187 0.321875 0.75312 0.3234375 0.88437 0.325 0.9 0.3359375 0.9 0.378125 0.948437 0.4203125 0.94687 0.459375 0.9437 0.4609375 0.935937 0.4609375 0.929687 0.459375 0.926562 0.4546875 0.92187 0.453125 0.917187 0.459375 0.910937 0.4640625 0.904687 0.4671875 0. 0.46875 0.895312 0.4671875 0.85312 0.465625 0.810937 0.4640625 0.770312 0.4625 0.74062 
0 0.6125 0.54062 0.6140625 0.59687 0.61875 0.710937 0.61875 0.767187 0.6203125 0.823437 0.621875 0.862 0.628125 0.862 0.6390625 0.860937 0.6609375 0.8562 0.6921875 0.851562 0.7125 0.8 0.7234375 0.848437 0.728125 0.84687 0.728125 0.832812 0.7265625 0. 0.7234375 0.735937 0.7203125 0.67187 0.715625 0.607812 0.715625 0.576562 0.7140625 0.545312 0.7125 0.51562 0.646875 0.514062 
0 0.4765625 0.601562 0.478125 0.739062 0.4796875 0.87 0.48125 0.887 0.4875 0.887 0.4984375 0.885937 0.509375 0.88437 0.540625 0.879687 0.5515625 0.876562 0.5828125 0.87187 0.5921875 0.87187 0.603125 0.870312 0.6078125 0.8687 0.6078125 0.826562 0.60625 0.764062 0.6015625 0.639062 0.6015625 0.57812 0.6 0.51562 0.5984375 0.510937 0.5890625 0.510937 
0 0.76875 0.50937 0.759375 0.510937 0.7359375 0.51562 0.728125 0.517187 0.725 0.5187 0.725 0.52 0.7265625 0.554687 0.73125 0.64062 0.7375 0.726562 0.7375 0.754687 0.7390625 0.782812 0.740625 0.79687 0.75 0.79687 0.753125 0.795312 0.7609375 0.789062 0.765625 0.785937 0.775 0.785937 0.7875 0.789062 0.7953125 0.787 0.796875 0.77 0.796875 0.764062 0.79375 0.737 0.7921875 0.687 0.7859375 0.610937 0.78125 0.53437 0.7796875 0.507812 
0 0.8796875 0.4812 0.821875 0.49687 0.815625 0.49687 0.803125 0. 0.796875 0.501562 0.79375 0.50312 0.7953125 0.529687 0.7984375 0.582812 0.8015625 0.63437 0.80625 0.714062 0.809375 0.74062 0.809375 0.76562 0.8109375 0.773437 0.8421875 0.773437 0.91875 0.77 0.9171875 0.754687 0.9140625 0.712 0.9 0.548437 0.9 0.52812 0.8984375 0.507812 0.896875 0.487 0.8953125 0.47812 
0 0.3296875 0. 0.3265625 0.592187 0.325 0.68437 0.325 0.72812 0.36875 0.72812 0.4359375 0.7312 0.4671875 0.7312 0.4671875 0.726562 0.465625 0.670312 0.4609375 0.49687 0.459375 0.44062 0.4578125 0.423437 0.440625 0.423437 0.3734375 0.420312 
0 0.3046875 0.154687 0.2875 0.15937 0.1921875 0.187 0.1875 0.189062 0.18125 0.192187 0.1796875 0.207812 0.178125 0.264062 0.175 0.37 0.1671875 0.65312 0.165625 0.70937 0.165625 0.72 0.2359375 0.72 0.30625 0.726562 0.30625 0. 0.3078125 0.60312 0.3140625 0.314062 0.315625 0.217187 0.315625 0.151562 
0 0.4515625 0.09687 0.4453125 0. 0.4328125 0.1062 0.4203125 0.114062 0.4109375 0.1187 0.40625 0.120312 0.3953125 0.123437 0.384375 0.126562 0.3734375 0.12812 0.35 0.135937 0.340625 0.137 0.334375 0.14062 0.3328125 0.148437 0.33125 0.22 0.3296875 0.30312 0.328125 0.3812 0.328125 0.40312 0.38125 0.40312 0.45625 0.401562 0.45625 0.32 
0 0.5671875 0.0 0.5453125 0.05937 0.478125 0.085937 0.471875 0.089062 0.471875 0.24062 0.4734375 0.40937 0.475 0.4937 0.5515625 0.4937 0.5984375 0.492187 0.5984375 0.47812 0.596875 0.42812 0.59375 0.32812 0.5875 0.12812 0.5859375 0.07812 0.584375 0.0437 
0 0.6796875 0.004687 0.671875 0.007812 0.6515625 0.01562 0.6078125 0.032812 0.603125 0.035937 0.6 0.035937 0.596875 0.037 0.596875 0.054687 0.5984375 0.117187 0.6015625 0.242187 0.60625 0.429687 0.6078125 0.492187 0.609375 0.498437 0.6265625 0.498437 0.671875 0.50312 0.69375 0.504687 0.7109375 0.504687 0.7109375 0.492187 0.709375 0.462 0.7078125 0.4312 0.703125 0.342187 0.7 0.2812 0.6921875 0.1312 0.6875 0.042187 0.6859375 0.012 
