0 0.8234375 0.50937 0.8 0.512 0.7765625 0.517187 0.7671875 0.517187 0.7671875 0.5312 0.76875 0.557812 0.771875 0.576562 0.778125 0.617187 0.796875 0.72 0.8078125 0.7937 0.8109375 0.814062 0.83125 0.94687 0.83125 0.9562 0.8328125 0.967187 0.834375 0.973437 0.840625 0.973437 0.85625 0.97187 0.903125 0.967187 0.91875 0.96562 0.9296875 0.964062 0.9296875 0.95937 0.93125 0.942187 0.925 0.912 0.90625 0.801562 0.8875 0.689062 0.884375 0.66562 0.8765625 0.5937 0.86875 0.545312 0.8671875 0.52187 0.865625 0.510937 0.8625 0.510937 0.85625 0.507812 0.8515625 0.507812 
0 0.396875 0.42812 0.3796875 0.429687 0.3671875 0.4312 0.36875 0.442187 0.371875 0.464062 0.3765625 0.498437 0.3921875 0.60937 0.409375 0.720312 0.409375 0.7312 0.421875 0.8187 0.425 0.8312 0.5046875 0.8312 0.50625 0.82812 0.50625 0.82 0.509375 0.820312 0.509375 0.81562 0.5078125 0.8062 0.5046875 0.787 0.4984375 0.7 0.4640625 0.5437 0.4609375 0.53437 0.4453125 0.44062 0.4453125 0.432812 0.4421875 0.432812 0.4265625 0.426562 
0 0.4734375 0.42 0.4734375 0.448437 0.478125 0.4812 0.503125 0.642187 0.5046875 0.65312 0.50625 0.664062 0.5140625 0.720312 0.521875 0.776562 0.521875 0.787 0.525 0.80937 0.5265625 0.820312 0.528125 0.823437 0.540625 0.823437 0.61875 0.82 0.61875 0.8187 0.6203125 0.8062 0.6171875 0.789062 0.6109375 0.7562 0.5859375 0.632812 0.58125 0.607812 0.5796875 0.5937 0.578125 0.567187 0.578125 0.542187 0.5765625 0.52 0.5734375 0.510937 0.5640625 0.47812 0.5609375 0.464062 0.559375 0.4562 0.55625 0.437 0.55625 0.429687 0.553125 0.426562 0.5484375 0.42 0.5421875 0.423437 
0 0.28125 0.357812 0.2390625 0.35937 0.2171875 0.360937 0.20625 0.362 0.2078125 0.373437 0.2125 0.404687 0.2234375 0.479687 0.2265625 0.49062 0.2265625 0.498437 0.2359375 0.498437 0.2484375 0.495312 0.2828125 0.492187 0.3171875 0.487 0.328125 0.485937 0.3390625 0.48437 0.34375 0.482812 0.3421875 0.47187 0.3375 0.4437 0.3328125 0.414062 0.325 0.367187 0.3234375 0.357812 0.321875 0.354687 
0 0.5234375 0.339062 0.45625 0.3437 0.390625 0.348437 0.36875 0.3 0.3484375 0.351562 0.35 0.360937 0.3515625 0.370312 0.3546875 0.379687 0.3578125 0.398437 0.3578125 0.4062 0.3859375 0.4062 0.428125 0.404687 0.4703125 0.40312 0.5125 0.401562 0.55 0. 0.55 0.389062 0.546875 0.364062 
0 0.1015625 0.057812 0.0640625 0.060937 0.0453125 0.064062 0.0296875 0.064062 0.028125 0.067187 0.0265625 0.07 0.025 0.0812 0.0265625 0.09062 0.0296875 0.107812 0.0375 0.1 0.046875 0.192187 0.05 0.20937 0.0515625 0.2187 0.053125 0.22812 0.0578125 0.260937 0.065625 0.317187 0.075 0.38437 0.0828125 0.44062 0.0828125 0.451562 0.084375 0.462 0.0984375 0.462 0.1140625 0.460937 0.1609375 0.4562 0.1765625 0.454687 0.1875 0.45312 0.1875 0.4437 0.184375 0.4312 0.1796875 0.38437 0.1734375 0.337 0.1640625 0.267187 0.159375 0.23437 0.15625 0.214062 0.1453125 0.1437 0.140625 0.114062 0.1390625 0.104687 0.1375 0.09687 0.134375 0.085937 0.1296875 0.070312 0.125 0.05937 0.125 0.0562 
0 0.1953125 0.051562 0.184375 0.054687 0.175 0.054687 0.1625 0.057812 0.1625 0.062 0.1578125 0.073437 0.1578125 0.082812 0.1609375 0. 0.16875 0.145312 0.1859375 0.23437 0.1890625 0.260937 0.196875 0.29687 0.2015625 0.323437 0.2015625 0.3312 0.2046875 0.342187 0.253125 0.342187 0.309375 0.34062 0.325 0.339062 0.325 0.3312 0.3203125 0.30937 0.3125 0.24687 0.290625 0. 0.2890625 0.09062 0.2859375 0.085937 0.2671875 0.05937 0.2546875 0.054687 0.240625 0.05312 0.2265625 0.051562 0.2125 0.0 
0 0.8296875 0.0 0.825 0.051562 0.825 0.060937 0.8265625 0.07187 0.8296875 0.0937 0.8375 0.145312 0.8671875 0.337 0.875 0.39062 0.8796875 0.432812 0.88125 0.442187 0.878125 0.451562 0.8765625 0.462 0.878125 0.46562 0.8875 0.47812 0.890625 0.4812 0.9015625 0.479687 0.9125 0.47812 0.9359375 0.47 0.9703125 0.4687 0.9796875 0.4687 0.9796875 0.44062 0.978125 0.423437 0.975 0.401562 0.96875 0.357812 0.9296875 0.08437 0.928125 0.07 0.9265625 0.067187 0.921875 0.05312 0.921875 0.048437 
0 0.31875 0.05312 0.3109375 0.05312 0.3109375 0.05937 0.3125 0.07187 0.315625 0.095312 0.321875 0.145312 0.3296875 0.207812 0.3328125 0.220312 0.34375 0.3187 0.3453125 0.3312 0.346875 0.335937 0.3859375 0.335937 0.43125 0.33437 0.4359375 0.332812 0.4359375 0.32812 0.434375 0.3187 0.4265625 0.276562 0.4125 0.20937 0.3953125 0.117187 0.3921875 0.092187 0.3875 0.067187 0.3859375 0.05937 0.3828125 0.0 0.3765625 0.048437 0.3609375 0.04687 
0 0.5296875 0.045312 0.534375 0.0687 0.5421875 0.126562 0.5515625 0.2062 0.584375 0.435937 0.5875 0.470312 0.596875 0.52812 0.596875 0.539062 0.6015625 0.551562 0.6421875 0.5 0.684375 0.548437 0.725 0.54687 0.7375 0.545312 0.7375 0.54062 0.7359375 0.5312 0.734375 0.520312 0.7296875 0.492187 0.7234375 0.460937 0.703125 0.33437 0.671875 0.14062 0.659375 0.062 0.659375 0.05312 0.6578125 0.0437 0.65625 0.037 
0 0.471875 0.039062 0.459375 0.04062 0.425 0.04687 0.4140625 0.04687 0.4140625 0.054687 0.4171875 0.076562 0.4328125 0.185937 0.4359375 0.19687 0.4515625 0.31562 0.4546875 0.32812 0.4734375 0.32812 0.5171875 0.326562 0.5390625 0.32 0.5390625 0.3187 0.5375 0.3062 0.5328125 0.2812 0.5265625 0.223437 0.509375 0.0937 0.50625 0.070312 0.5046875 0.05937 0.503125 0.054687 0.4984375 0.0 0.4890625 0.0437 
0 0.7765625 0.032812 0.765625 0.037 0.7546875 0.037 0.7375 0.035937 0.721875 0.039062 0.7140625 0.04062 0.703125 0.051562 0.7015625 0.070312 0.7015625 0.0937 0.70625 0.12 0.7140625 0.176562 0.740625 0.351562 0.74375 0.37187 0.759375 0.467187 0.7609375 0.47812 0.7625 0.485937 0.771875 0.495312 0.7765625 0.495312 0.7921875 0.492187 0.8296875 0.48437 0.8375 0.4812 0.8515625 0.479687 0.859375 0.47812 0.8625 0.476562 0.8625 0.47187 0.8609375 0.460937 0.8578125 0.437 0.8515625 0.392187 0.8390625 0. 0.8125 0.10312 0.803125 0.045312 0.803125 0.03437 0.8015625 0.026562 
