0 0.7984375 0.67 0.7921875 0.67812 0.775 0.685937 0.7421875 0.70312 0.5484375 0.795312 0.5421875 0.798437 0.5453125 0.804687 0.5453125 0.807812 0.5546875 0.826562 0.5671875 0.851562 0.596875 0.9187 0.61875 0.962 0.61875 0.96562 0.6234375 0.97 0.625 0.97812 0.628125 0.979687 0.63125 0.97812 0.6375 0.97 0.6640625 0.960937 0.6671875 0.960937 0.7109375 0.939062 0.8703125 0.862 0.8890625 0.85312 0.8875 0.848437 0.8796875 0.83437 0.8796875 0.8312 0.853125 0.779687 0.828125 0.72 0.815625 0.701562 
0 0.528125 0.626562 0.5078125 0.637 0.5046875 0.637 0.4359375 0.67187 0.25 0.764062 0.246875 0.764062 0.18125 0.79687 0.1828125 0.801562 0.1890625 0.81562 0.20625 0.8562 0.2125 0.867187 0.23125 0.914062 0.2359375 0.92187 0.2390625 0.920312 0.2453125 0.917187 0.265625 0.907812 0.3015625 0.89062 0.3828125 0.851562 0.4875 0.801562 0.5234375 0.782812 0.5625 0.76562 0.596875 0.748437 0.596875 0.745312 0.5953125 0.74062 0.5859375 0.720312 0.5546875 0.6562 0.5453125 0.635937 0.5453125 0.632812 0.5421875 0.626562 0.540625 0.623437 
0 0.3515625 0.567187 0.340625 0.57187 0.3203125 0.5812 0.3 0.59062 0.2796875 0.601562 0.25625 0.610937 0.2484375 0.61562 0.2390625 0.620312 0.240625 0.623437 0.24375 0.6312 0.253125 0.65312 0.2703125 0.689062 0.2796875 0.714062 0.2859375 0.72 0.2890625 0.729687 0.2921875 0.72812 0.303125 0.72187 0.30625 0.72187 0.328125 0.710937 0.3921875 0.6812 0.4078125 0.673437 0.4078125 0.670312 0.403125 0.662 0.3828125 0.620312 0.3796875 0.617187 
0 0.7296875 0.52812 0.7171875 0.53437 0.6921875 0.54687 0.5609375 0.612 0.5578125 0.614062 0.55625 0.617187 0.5578125 0.620312 0.5609375 0.626562 0.5796875 0.662 0.5796875 0.66562 0.6140625 0.73437 0.615625 0.737 0.61875 0.739062 0.6234375 0.735937 0.6265625 0.735937 0.6390625 0.729687 0.6625 0.7187 0.7375 0.682812 0.7734375 0.664062 0.7765625 0.664062 0.7921875 0.6562 0.7953125 0.654687 0.796875 0.651562 0.7953125 0.648437 0.7921875 0.6437 0.7921875 0.64062 0.7765625 0.604687 0.75 0.5437 0.74375 0.529687 0.740625 0.523437 
0 0.1359375 0.479687 0.1109375 0.49062 0.0203125 0.535937 0.0203125 0.539062 0.0234375 0.54687 0.028125 0.557812 0.0578125 0.62 0.0703125 0.65312 0.071875 0.6562 0.078125 0.65312 0.08125 0.65312 0.0921875 0.648437 0.1328125 0.629687 0.140625 0.626562 0.14375 0.626562 0.1578125 0.642187 0.1609375 0.642187 0.1671875 0.639062 0.1828125 0.632812 0.2046875 0.62187 0.2078125 0.62187 0.2140625 0.6187 0.2140625 0.61562 0.2109375 0.607812 0.2046875 0.595312 0.190625 0.56562 0.15 0.4812 0.146875 0.47 
0 0.90625 0.4437 0.8671875 0.462 0.803125 0.495312 0.753125 0.52187 0.75625 0.529687 0.7625 0.542187 0.7765625 0.573437 0.8078125 0.642187 0.8109375 0.648437 0.815625 0.64687 0.8234375 0.642187 0.8265625 0.642187 0.846875 0.632812 0.8875 0.614062 0.971875 0.57 0.978125 0.57187 0.978125 0.5687 0.9734375 0.557812 0.9640625 0.54062 0.9328125 0.47187 0.91875 0.442187 0.9171875 0.439062 
0 0.63125 0.429687 0.6125 0.437 0.5796875 0.454687 0.3953125 0.545312 0.3921875 0.545312 0.3671875 0.557812 0.36875 0.560937 0.371875 0.567187 0.38125 0.585937 0.4125 0.645312 0.415625 0.648437 0.4203125 0.65937 0.421875 0.662 0.425 0.664062 0.428125 0.662 0.434375 0.65937 0.446875 0.65312 0.471875 0.64062 0.603125 0.57 0.6921875 0.529687 0.6921875 0.526562 0.6875 0.5187 0.68125 0.504687 0.6671875 0.47 0.6421875 0.42 
0 0.3265625 0.387 0.315625 0.392187 0.296875 0.401562 0.2609375 0.4187 0.171875 0.462 0.16875 0.462 0.1625 0.46562 0.159375 0.467187 0.1578125 0.470312 0.159375 0.473437 0.16875 0.49062 0.16875 0.4937 0.203125 0.567187 0.215625 0.5937 0.2234375 0.60937 0.2265625 0.60937 0.234375 0.604687 0.253125 0.59687 0.2859375 0.5812 0.3546875 0.548437 0.390625 0.5312 0.4015625 0.52 0.4 0.52187 0.396875 0.51562 0.38125 0.48437 0.3453125 0.414062 
0 0.846875 0.323437 0.8328125 0.329687 0.81875 0.335937 0.775 0.357812 0.665625 0.410937 0.6625 0.410937 0.659375 0.412 0.6578125 0.41562 0.6609375 0.420312 0.6609375 0.423437 0.66875 0.44062 0.6875 0.47812 0.6953125 0.498437 0.7046875 0.51562 0.7046875 0.5187 0.70625 0.52187 0.709375 0.523437 0.7125 0.52187 0.7265625 0.514062 0.7296875 0.514062 0.7546875 0.501562 0.890625 0.435937 0.89375 0.435937 0.90625 0.429687 0.909375 0.42812 0.9109375 0.42 0.909375 0.42187 0.90625 0.41562 0.9 0.40312 0.8578125 0.3187 
0 0.575 0.30937 0.559375 0.317187 0.509375 0.34062 0.4359375 0.37812 0.4328125 0.37812 0.3609375 0.414062 0.3625 0.4187 0.365625 0.42 0.3875 0.467187 0.3875 0.470312 0.4125 0.520312 0.415625 0.520312 0.4234375 0.51562 0.4390625 0.507812 0.46875 0.4937 0.5015625 0.47812 0.615625 0.42187 0.634375 0.412 0.6328125 0.407812 0.628125 0. 0.628125 0.39687 0.6203125 0.382812 0.6140625 0.36562 0.590625 0.314062 0.5859375 0.304687 
0 0.796875 0.201562 0.790625 0.204687 0.778125 0.210937 0.753125 0.223437 0.596875 0.301562 0.5984375 0.304687 0.6015625 0.310937 0.6046875 0.314062 0.609375 0.32 0.6453125 0.385937 0.65 0.39687 0.653125 0. 0.65625 0.40312 0.659375 0.401562 0.6796875 0.39062 0.6828125 0.39062 0.7171875 0.373437 0.828125 0.320312 0.853125 0.307812 0.8515625 0.30312 0.8484375 0.29687 0.8421875 0.28437 
0 0.721875 0.087 0.709375 0.0937 0.6453125 0.126562 0.6421875 0.126562 0.5015625 0.19687 0.5046875 0.201562 0.5078125 0.20937 0.515625 0.22 0.553125 0.295312 0.55625 0. 0.5609375 0.298437 0.5671875 0.295312 0.584375 0.285937 0.5875 0.285937 0.6265625 0.26562 0.7828125 0.19062 0.7859375 0.19062 0.7890625 0.189062 0.790625 0.185937 0.7875 0.182812 0.78125 0.17187 0.746875 0.107812 0.7328125 0.082812 
0 0.5375 0.02812 0.534375 0.02812 0.5171875 0.037 0.475 0.057812 0.278125 0.15312 0.24375 0.170312 0.24375 0.173437 0.2484375 0.1812 0.25625 0. 0.278125 0.245312 0.3 0.29062 0.3453125 0.3812 0.3453125 0.38437 0.353125 0. 0.35625 0.398437 0.3625 0.395312 0.375 0.389062 0.4 0.376562 0.525 0.314062 0.528125 0.312 0.5296875 0.30937 0.528125 0.3062 0.525 0. 0.5078125 0.267187 0.5078125 0.264062 0.475 0.1937 0.478125 0.192187 0.4953125 0.18437 0.4984375 0.1812 0.55 0.1562 0.59375 0.132812 0.590625 0.12 0.5859375 0.114062 0.5734375 0.08437 0.5515625 0.0312 0.55 0.02812 0.5484375 0.02 
