0 0.328125 0.617187 0.3296875 0.695312 0.33125 0.773437 0.3328125 0.8 0.3359375 0.85937 0.340625 0.860937 0.35 0.862 0.3734375 0.870312 0.384375 0.87187 0.3953125 0.87 0.40625 0.87812 0.4109375 0.879687 0.4203125 0.88437 0.4546875 0.90312 0.45625 0.673437 0.45625 0.59687 0.38125 0.595312 
0 0.475 0.587 0.471875 0.757812 0.471875 0.90937 0.475 0.910937 0.478125 0.912 0.4859375 0.91562 0.5015625 0.92187 0.50625 0.923437 0.5671875 0.948437 0.578125 0.951562 0.584375 0.954687 0.584375 0.92187 0.5859375 0.87187 0.5890625 0.77187 0.596875 0.570312 0.5984375 0.520312 0.5984375 0.5062 0.553125 0.5062 
0 0.6703125 0.49687 0.628125 0.498437 0.609375 0. 0.609375 0.504687 0.6078125 0.567187 0.6046875 0.692187 0.5984375 0.8812 0.596875 0.9437 0.596875 0.960937 0.6 0.962 0.603125 0.962 0.6078125 0.96562 0.625 0.97187 0.6515625 0.982812 0.6796875 0.9937 0.684375 0.995312 0.684375 0.987 0.6859375 0.957812 0.6921875 0.867187 0.7078125 0.567187 0.709375 0.535937 0.7109375 0.5062 0.7109375 0.4937 
0 0.165625 0.273437 0.165625 0.289062 0.1671875 0.345312 0.1703125 0.4562 0.178125 0.73437 0.1796875 0.79062 0.1828125 0.807812 0.1875 0.80937 0.1921875 0.810937 0.2171875 0.817187 0.2875 0.839062 0.3125 0.845312 0.315625 0.84687 0.315625 0.7812 0.3140625 0.68437 0.3078125 0.395312 0.3078125 0. 0.30625 0.27187 
0 0.3703125 0.2687 0.325 0.270312 0.325 0.314062 0.3265625 0.4062 0.328125 0.49687 0.3296875 0.57812 0.3734375 0.57812 0.4390625 0.576562 0.4578125 0.57 0.4578125 0.55937 0.4609375 0.501562 0.465625 0.32812 0.4671875 0.27187 0.4671875 0.267187 
0 0.8109375 0.22 0.8109375 0.2312 0.809375 0.257812 0.80625 0.28437 0.8015625 0.364062 0.7953125 0.4687 0.79375 0.495312 0.796875 0.49687 0.803125 0.498437 0.815625 0.501562 0.821875 0.501562 0.890625 0.5187 0.8953125 0.520312 0.8953125 0.512 0.896875 0.492187 0.9 0.470312 0.9 0.4 0.9140625 0.285937 0.9171875 0.2437 0.91875 0.223437 
0 0.740625 0.214062 0.7375 0.2437 0.7375 0.27187 0.73125 0.357812 0.7265625 0.4437 0.725 0.473437 0.725 0.479687 0.728125 0.4812 0.734375 0.4812 0.759375 0.487 0.76875 0.489062 0.7765625 0.49062 0.78125 0.489062 0.78125 0.464062 0.7859375 0.387 0.7921875 0.310937 0.7953125 0.25937 0.796875 0.23437 0.796875 0.223437 0.79375 0.20937 0.7875 0.20937 0.775 0.212 0.765625 0.212 0.7609375 0.20937 0.753125 0.20312 0.75 0.201562 
0 0.621875 0.173437 0.61875 0.2312 0.61875 0.287 0.6140625 0.401562 0.6125 0.457812 0.6125 0.48437 0.646875 0.48437 0.7125 0.482812 0.7125 0.454687 0.715625 0.42187 0.715625 0.39062 0.7203125 0.326562 0.7234375 0.262 0.7265625 0.198437 0.728125 0.16562 0.728125 0.151562 0.725 0.151562 0.7140625 0.1 0.6921875 0.14687 0.6390625 0.137 0.628125 0.135937 
0 0.48125 0.12187 0.478125 0.25937 0.4765625 0.39687 0.4765625 0.489062 0.5875 0.489062 0.5984375 0.487 0.5984375 0.48437 0.6 0.42187 0.6015625 0.35937 0.60625 0.23437 0.6078125 0.17187 0.6078125 0.129687 0.6046875 0.129687 0.59375 0.12812 0.5828125 0.126562 0.5515625 0.12187 0.509375 0.114062 0.4984375 0.112 0.4875 0.110937 
0 0.325 0.112 0.321875 0.245312 0.321875 0.2562 0.3921875 0.2562 0.4625 0.257812 0.4625 0.229687 0.465625 0.187 0.4671875 0.145312 0.46875 0.101562 0.4671875 0.098437 0.4640625 0.0937 0.459375 0.087 0.453125 0.079687 0.4546875 0.076562 0.459375 0.07187 0.4609375 0.0687 0.4609375 0.062 0.4578125 0.05312 0.4203125 0.051562 0.378125 0.0 0.3359375 0.048437 
