0 0.5859375 0. 0.5859375 0.80312 0.5984375 0.81562 0.6234375 0.8437 0.646875 0.87187 0.734375 0.970312 0.746875 0.98437 0.775 0.954687 0.7765625 0.9 0.778125 0.942187 0.7796875 0.93437 0.784375 0.90937 0.784375 0.87187 0.7828125 0.85937 0.78125 0.851562 0.778125 0.837 0.7734375 0.823437 0.771875 0.81562 0.7703125 0.80937 0.771875 0. 0.7734375 0.789062 0.778125 0.760937 0.78125 0.751562 0.7828125 0.7437 0.7828125 0.74062 0.7609375 0.7187 0.7359375 0.695312 0.7125 0.673437 
0 0.5640625 0.554687 0.5515625 0.570312 0.4828125 0.654687 0.4765625 0.662 0.471875 0.670312 0.4828125 0.6812 0.5015625 0.70312 0.56875 0.782812 0.5796875 0.7937 0.5921875 0.7812 0.609375 0.760937 0.684375 0.6812 0.7015625 0.660937 0.684375 0.645312 0.65 0.614062 0.5984375 0.567187 0.5828125 0.55312 
0 0.1703125 0.398437 0.1703125 0.404687 0.16875 0.410937 0.1671875 0.417187 0.1640625 0.423437 0.15625 0.42812 0.1390625 0.442187 0.1140625 0.45937 0.109375 0.464062 0.1046875 0.467187 0.103125 0.470312 0.1015625 0.479687 0.0984375 0. 0.0890625 0.5562 0.0890625 0.564062 0.09375 0.564062 0.1171875 0.560937 0.1234375 0.56562 0.13125 0.57187 0.1375 0.57812 0.1375 0.62 0.1359375 0.62812 0.128125 0.642187 0.1234375 0.6 0.1140625 0.662 0.109375 0.670312 0.1078125 0.673437 0.1078125 0.682812 0.109375 0.69687 0.1109375 0.70937 0.115625 0.712 0.1234375 0.717187 0.13125 0.72187 0.1390625 0.72 0.165625 0.742187 0.1703125 0.7437 0.18125 0.745312 0.1875 0.748437 0.1921875 0.748437 0.196875 0.7 0.1984375 0.742187 0.2 0.729687 0.2125 0.679687 0.2140625 0.66562 0.2390625 0.55937 0.25625 0.4812 0.2578125 0.473437 0.2578125 0.467187 0.2515625 0.460937 0.2359375 0.44687 0.203125 0.417187 0.1875 0.40312 
0 0.5546875 0.357812 0.546875 0.367187 0.540625 0.376562 0.51875 0.40312 0.4375 0. 0.415625 0.526562 0.409375 0.535937 0.4015625 0.5437 0.3984375 0.548437 0.4046875 0.551562 0.4234375 0.564062 0.43125 0.567187 0.496875 0.607812 0.5 0.60937 0.5046875 0.607812 0.5109375 0. 0.5296875 0.576562 0.55 0.551562 0.60625 0.479687 0.6140625 0.47187 0.6328125 0.448437 0.6390625 0.44062 0.64375 0.43437 0.621875 0.412 0.575 0.367187 
0 0.7671875 0.304687 0.728125 0.35312 0.659375 0.44062 0.6515625 0.448437 0.5953125 0.5187 0.5890625 0.526562 0.584375 0.532812 0.6 0.548437 0.6203125 0.56562 0.6953125 0.63437 0.7140625 0.65312 0.7703125 0.704687 0.7890625 0.72187 0.7921875 0.723437 0.79375 0.720312 0.796875 0.714062 0.80625 0.695312 0.80625 0.692187 0.85 0.6062 0.85 0.59687 0.846875 0.5812 0.840625 0.5 0.8296875 0.4937 0.8078125 0.382812 0.7875 0.287 0.7875 0.2812 
0 0.4171875 0.2562 0.3875 0.289062 0.34375 0.335937 0.3015625 0.38437 0.2859375 0. 0.271875 0.41562 0.2578125 0.4312 0.25 0.44062 0.2609375 0.4 0.271875 0.457812 0.28125 0.467187 0.3296875 0.507812 0.3375 0.514062 0.3421875 0.517187 0.3859375 0.545312 0.3890625 0.545312 0.39375 0.539062 0.40625 0.523437 0.428125 0.495312 0.4953125 0.40937 0.5453125 0.345312 0.546875 0.34062 0.4390625 0.232812 
0 0.340625 0.1 0.3328125 0.15312 0.31875 0.160937 0.315625 0.160937 0.309375 0.164062 0.35 0.204687 0.3890625 0.24687 0.378125 0.2562 0.29375 0.173437 0.290625 0.176562 0.2828125 0.1812 0.25625 0.195312 0.25 0. 0.2625 0.212 0.2796875 0.226562 0.325 0.2687 0.3421875 0.282812 0.346875 0.287 0.3375 0.29687 0.3265625 0.285937 0.3125 0.27 0.259375 0.22812 0.246875 0.21562 0.2375 0.207812 0.23125 0.21562 0.2265625 0.22187 0.221875 0.22812 0.221875 0.25312 0.2328125 0.264062 0.2765625 0.301562 0.290625 0.31562 0.3078125 0.329687 0.3046875 0.332812 0.3015625 0.339062 0.2984375 0.342187 0.278125 0.32187 0.25625 0.301562 0.2328125 0.279687 0.215625 0.26562 0.2140625 0.2687 0.2125 0.27187 0.2125 0.27 0.1984375 0.304687 0.1984375 0.307812 0.2109375 0.3187 0.25 0.351562 0.2625 0.362 0.2703125 0.37187 0.26875 0.37 0.2625 0.379687 0.25625 0.373437 0.2359375 0.357812 0.215625 0.3437 0.209375 0.337 0.1953125 0.32812 0.190625 0.323437 0.1890625 0.3312 0.1859375 0.339062 0.184375 0.35312 0.18125 0.360937 0.18125 0.367187 0.1796875 0.373437 0.1890625 0.3812 0.21875 0.4062 0.228125 0.414062 0.2375 0.42187 0.24375 0.426562 0.2546875 0.41562 0.2671875 0. 0.28125 0.385937 0.31875 0.342187 0.371875 0.28437 0.409375 0.24062 0.4234375 0.226562 0.4265625 0.22187 0.3703125 0.16562 0.35 0.14687 
0 0.4046875 0.110937 0.3703125 0.12812 0.3609375 0.139062 0.396875 0.17 0.4390625 0.214062 0.6078125 0.376562 0.6484375 0.417187 0.6546875 0.420312 0.6609375 0.414062 0.671875 0. 0.684375 0.387 0.6953125 0.37 0.6953125 0.37187 0.665625 0.34062 0.6046875 0.27812 0.54375 0.21562 0.4828125 0.15312 0.440625 0.110937 0.4375 0.10937 0.425 0.107812 
0 0.2421875 0.020312 0.2390625 0.02812 0.2265625 0.04687 0.2015625 0.09062 0.146875 0.185937 0.134375 0.204687 0.0796875 0.298437 0.0765625 0.3062 0.0734375 0.30937 0.071875 0.314062 0.0765625 0.314062 0.090625 0.317187 0.1578125 0.33437 0.1671875 0.335937 0.16875 0.332812 0.171875 0.326562 0.1796875 0.30937 0.1953125 0.27 0.1984375 0.267187 0.2 0.262 0.2015625 0.2437 0.2046875 0.2312 0.2125 0. 0.2140625 0.195312 0.2171875 0.192187 0.221875 0.189062 0.228125 0.185937 0.2328125 0.1812 0.253125 0.1687 0.26875 0.157812 0.26875 0.120312 0.2703125 0.057812 0.26875 0.042187 0.2671875 0.029687 
0 0.65 0.014062 0.646875 0.02187 0.64375 0.039062 0.6390625 0.0562 0.6375 0.05937 0.63125 0.062 0.625 0.064062 0.6109375 0.067187 0.6046875 0.0687 0.584375 0.073437 0.46875 0. 0.4625 0. 0.4578125 0.101562 0.4828125 0.126562 0.509375 0.1562 0.5375 0.18437 0.590625 0.242187 0.6734375 0.329687 0.7 0.357812 0.703125 0.35937 0.709375 0.3 0.7171875 0.342187 0.74375 0.30937 0.76875 0.276562 0.7765625 0.2687 0.78125 0.262 0.7796875 0.25312 0.7765625 0.23437 0.771875 0.2062 0.7640625 0.160937 0.7625 0.151562 0.7609375 0.14687 0.7578125 0.142187 0.7484375 0.12812 0.7453125 0.120312 0.75 0.1062 0.7515625 0.098437 0.75 0.089062 0.746875 0.073437 0.74375 0.0562 0.740625 0.04062 0.7390625 0.032812 0.7375 0.029687 0.734375 0.029687 0.7265625 0.026562 0.7140625 0.023437 0.6578125 0.00937 
