0 0.2546875 0.679687 0.2328125 0.70312 0.228125 0.70937 0.209375 0.737 0.1796875 0.782812 0.171875 0.795312 0.1703125 0.798437 0.16875 0.80312 0.1671875 0.812 0.165625 0.823437 0.165625 0.826562 0.16875 0.82812 0.1765625 0.82812 0.1859375 0.829687 0.1953125 0.832812 0.23125 0.837 0.2390625 0.839062 0.24375 0.8437 0.2515625 0.854687 0.2859375 0.90312 0.296875 0.907812 0.3109375 0.90937 0.3125 0.912 0.315625 0.920312 0.31875 0.923437 0.3234375 0.93437 0.3296875 0.926562 0.3421875 0.90937 0.39375 0.835937 0.403125 0.82 0.4046875 0.82187 0.4 0.817187 0.3796875 0. 0.359375 0.7812 0.340625 0.764062 0.3375 0.760937 0.3359375 0.7562 0.328125 0.737 0.3171875 0.70937 0.3078125 0.6812 0.296875 0.65312 0.29375 0.648437 0.29375 0.645312 0.2921875 0.642187 
0 0.559375 0.639062 0.5328125 0.662 0.48125 0.710937 0.428125 0.760937 0.403125 0.78437 0.3921875 0.79687 0.3984375 0. 0.4296875 0.82187 0.5078125 0.873437 0.5484375 0. 0.5515625 0. 0.646875 0.8062 0.703125 0.7 0.703125 0.74687 0.7015625 0.70312 0.7 0.689062 0.696875 0.687 0.6890625 0.685937 0.671875 0.67812 0.6296875 0.664062 0.6171875 0.65937 0.609375 0.6562 0.60625 0.654687 0.5953125 0.6437 0.5859375 0.6312 
0 0.471875 0.495312 0.4515625 0.510937 0.34375 0.585937 0.3125 0.60937 0.30625 0.612 0.303125 0.61562 0.303125 0.620312 0.30625 0.629687 0.309375 0.64062 0.31875 0.670312 0.3359375 0.723437 0.3375 0.729687 0.3421875 0.735937 0.359375 0.75937 0.3734375 0.77812 0.378125 0.78437 0.38125 0.78437 0.3984375 0.767187 0.4359375 0.73437 0.490625 0.682812 0.5453125 0.632812 0.5640625 0.617187 0.56875 0.612 0.5640625 0.607812 0.559375 0. 0.5453125 0.5812 0.5296875 0.560937 0.515625 0.54687 0.5125 0.54062 0.5046875 0.52 0.4953125 0.504687 0.4953125 0.501562 0.4875 0.485937 
0 0.1953125 0.423437 0.19375 0.42812 0.1875 0.44062 0.1515625 0.510937 0.128125 0.55937 0.13125 0.560937 0.134375 0.560937 0.1453125 0.56562 0.1515625 0.5687 0.1546875 0.570312 0.15625 0.57 0.159375 0.582812 0.1609375 0.585937 0.1640625 0.589062 0.178125 0. 0.2140625 0.626562 0.2265625 0.639062 0.2375 0.65312 0.2421875 0.660937 0.246875 0.667187 0.2890625 0.62 0.2875 0.6187 0.284375 0.6062 0.2765625 0.57 0.275 0.570312 0.271875 0.562 0.2625 0.54062 0.2546875 0.52187 0.2359375 0.47812 0.234375 0.47 0.221875 0.4562 0.2046875 0.4312 
0 0.8984375 0.382812 0.884375 0.395312 0.871875 0.4062 0.859375 0.417187 0.85 0.42 0.83125 0.404687 0.821875 0. 0.81875 0. 0.80625 0.4062 0.7171875 0.439062 0.709375 0.442187 0.70625 0.4437 0.7 0.4 0.6953125 0.457812 0.690625 0.460937 0.684375 0.464062 0.64375 0.48437 0.640625 0.48437 0.5578125 0.526562 0.5546875 0.526562 0.5234375 0.542187 0.53125 0.5 0.559375 0.579687 0.5875 0.610937 0.6171875 0.642187 0.621875 0.6437 0.6296875 0.64687 0.6375 0.651562 0.7140625 0.682812 0.721875 0.685937 0.725 0.68437 0.7375 0.673437 0.7640625 0.6 0.803125 0.614062 0.8296875 0.592187 0.8953125 0.532812 0.921875 0.50937 0.934375 0.498437 0.9375 0.49687 0.95625 0.49687 0.9609375 0.495312 0.9890625 0.46562 0.9921875 0.460937 0.978125 0.44687 0.953125 0.42 0.9296875 0.401562 0.90625 0.379687 
0 0.40625 0.362 0.375 0.3812 0.30625 0.4187 0.2515625 0.4 0.2421875 0.4562 0.24375 0.460937 0.246875 0.4687 0.253125 0.48437 0.259375 0.501562 0.290625 0.57812 0.2921875 0.585937 0.2953125 0.5937 0.2984375 0. 0.3015625 0.598437 0.30625 0.595312 0.315625 0.589062 0.334375 0.576562 0.4046875 0.529687 0.409375 0.52 0.4828125 0.476562 0.48125 0.473437 0.4796875 0.470312 0.4765625 0.467187 0.46875 0.45312 0.465625 0.448437 0.4640625 0.442187 0.4625 0.42812 0.4625 0.417187 0.4609375 0.4062 0.4578125 0.401562 0.4546875 0.39687 0.4359375 0.37187 0.4296875 0.360937 0.4265625 0.3562 0.4234375 0.35312 
0 0.0515625 0.235937 0.0484375 0.242187 0.0453125 0.25312 0.03125 0.282812 0.01875 0.312 0.0109375 0.332812 0.0171875 0.337 0.03125 0.34687 0.0359375 0.351562 0.034375 0.3562 0.0296875 0.37187 0.01875 0.401562 0.01875 0.4062 0.025 0.414062 0.0359375 0.426562 0.0453125 0.437 0.090625 0.482812 0.0921875 0.492187 0.09375 0.517187 0.0953125 0.523437 0.1 0.5312 0.10625 0.539062 0.1078125 0.5437 0.1109375 0.548437 0.1140625 0.5437 0.1203125 0.5312 0.1203125 0.52812 0.1328125 0.501562 0.1640625 0.43437 0.1765625 0.410937 0.1765625 0.407812 0.178125 0.404687 0.16875 0.39062 0.1640625 0.385937 0.1484375 0.362 0.1328125 0.339062 0.090625 0.27 0.0640625 0.235937 0.0609375 0.235937 
0 0.6265625 0.2312 0.6078125 0.2437 0.5453125 0.2812 0.525 0.295312 0.4515625 0.339062 0.44375 0.345312 0.4375 0.348437 0.4390625 0.351562 0.4453125 0.357812 0.4609375 0.37812 0.4703125 0.39062 0.475 0.39687 0.4765625 0. 0.478125 0.4062 0.4796875 0.414062 0.4828125 0.439062 0.4859375 0.454687 0.4875 0.462 0.490625 0.4687 0.5046875 0.49687 0.521875 0.52812 0.525 0.526562 0.53125 0.523437 0.5453125 0.51562 0.5609375 0.50937 0.60625 0.487 0.6546875 0.464062 0.6796875 0.451562 0.6828125 0.44687 0.6890625 0.435937 0.6953125 0.429687 0.7 0.42812 0.7078125 0.42 0.7265625 0.4187 0.8109375 0.39062 0.8140625 0.39062 0.8015625 0.376562 0.75 0.326562 0.6984375 0.276562 0.6484375 0.22812 0.6421875 0.223437 
0 0.46875 0.1687 0.4578125 0.176562 0.434375 0.192187 0.3921875 0.220312 0.2921875 0.289062 0.20625 0.345312 0.2015625 0.3 0.1796875 0.364062 0.1828125 0.367187 0.1859375 0.373437 0.1953125 0.387 0.2328125 0.4437 0.2390625 0.439062 0.2515625 0.432812 0.2734375 0.420312 0.3421875 0.3812 0.503125 0.289062 0.5796875 0.2437 0.5875 0.239062 0.5828125 0.235937 0.5734375 0.229687 0.534375 0.204687 0.5296875 0. 0.5109375 0.187 0.4828125 0.1687 0.478125 0.16562 
0 0.3671875 0.104687 0.3625 0.107812 0.34375 0.12187 0.303125 0.1 0.1375 0.262 0.1171875 0.276562 0.1234375 0.28437 0.134375 0.298437 0.15 0.320312 0.1671875 0.342187 0.1734375 0.348437 0.1765625 0.34687 0.18125 0.3437 0.190625 0.337 0.1953125 0.332812 0.2203125 0.317187 0.253125 0.2937 0.3734375 0.212 0.43125 0.17 0.4359375 0.170312 0.4625 0.15312 0.4515625 0.1437 0.4359375 0.1312 0.4203125 0.1187 0.4125 0.112 0.4078125 0.110937 0.3859375 0.10312 0.378125 0.101562 
0 0.7859375 0.0937 0.7828125 0.095312 0.771875 0.101562 0.7578125 0.10937 0.746875 0.11562 0.7359375 0.12187 0.7171875 0.132812 0.69375 0.14687 0.6765625 0.164062 0.6640625 0.17812 0.6625 0.1812 0.6609375 0.18437 0.6515625 0.2062 0.6515625 0.20937 0.65 0.212 0.6578125 0.220312 0.690625 0.2 0.8140625 0.3687 0.8453125 0.398437 0.85 0.401562 0.853125 0. 0.859375 0.3937 0.8734375 0.38437 0.89375 0.3687 0.9 0.360937 0.9171875 0.339062 0.9515625 0.295312 0.95625 0.289062 0.9578125 0.282812 0.959375 0.27 0.959375 0.2687 0.953125 0.260937 0.9390625 0.2437 0.9125 0.210937 0.8875 0.179687 0.828125 0.1062 0.8203125 0.09687 0.8171875 0.09687 0.8078125 0.0937 0.8 0.092187 
0 0.1578125 0.089062 0.125 0.12812 0.09375 0.167187 0.084375 0.176562 0.06875 0.195312 0.0609375 0.204687 0.05625 0.210937 0.065625 0.2187 0.075 0.22 0.090625 0.24062 0.1 0.25312 0.109375 0.264062 0.1125 0.264062 0.1171875 0.260937 0.121875 0.257812 0.1484375 0.239062 0.2015625 0. 0.265625 0.1562 0.28125 0.1437 0.2859375 0.14062 0.2890625 0.137 0.2828125 0.132812 0.26875 0.123437 0.2359375 0.09687 0.2234375 0.087 0.2109375 0.07812 0.2046875 0.073437 0.2015625 0.07187 0.1984375 0.070312 0.190625 0.067187 0.1828125 0.06562 
