0 0.5453125 0.820312 0.54375 0.835937 0.5359375 0. 0.5359375 0.914062 0.5453125 0.914062 0.5578125 0.91562 0.6140625 0.923437 0.7375 0.94062 0.7703125 0.945312 0.7796875 0.94687 0.7890625 0.948437 0.80625 0.951562 0.8484375 0.960937 0.890625 0.9687 0.9078125 0.97187 0.9171875 0.973437 0.9234375 0.97187 0.93125 0.970312 0.934375 0.9687 0.934375 0.95312 0.9375 0.93437 0.940625 0.89687 0.9421875 0.87812 0.9421875 0.873437 0.9390625 0.873437 0.928125 0.8687 0.9125 0.864062 0.9015625 0.860937 0.89375 0.85937 0.884375 0.857812 0.8546875 0.85312 0.784375 0.842187 0.7640625 0.839062 0.73125 0.83437 0.684375 0.82812 0.6140625 0.8187 0.5671875 0.814062 0.5546875 0.810937 
0 0.659375 0.687 0.65625 0.745312 0.6578125 0.795312 0.6671875 0.79687 0.675 0.79687 0.7015625 0.801562 0.7375 0.80937 0.7640625 0.812 0.853125 0.829687 0.915625 0.84062 0.925 0.84062 0.9359375 0.835937 0.9421875 0.83437 0.94375 0.823437 0.94375 0.814062 0.946875 0.80312 0.9484375 0.792187 0.9484375 0.785937 0.946875 0.77187 0.9453125 0.757812 0.94375 0.7437 0.940625 0.7312 0.93125 0.72 0.9125 0.712 0.9078125 0.70937 0.8984375 0.707812 0.8765625 0.704687 0.834375 0.698437 0.7515625 0.685937 0.6671875 0.673437 
0 0.515625 0.657812 0.5140625 0.6687 0.5109375 0.6812 0.50625 0.71562 0.503125 0.7 0.5 0.762 0.5 0.77187 0.5078125 0.77187 0.51875 0.77 0.540625 0.77812 0.59375 0.785937 0.625 0.79062 0.6359375 0.792187 0.6359375 0.782812 0.6375 0.760937 0.6421875 0.71562 0.64375 0.6937 0.64375 0.676562 0.640625 0.67 0.6328125 0.67 0.584375 0.66562 0.5265625 0.6562 
0 0.665625 0.56562 0.6625 0.612 0.6625 0.651562 0.665625 0.651562 0.678125 0.65312 0.703125 0.6562 0.778125 0.66562 0.790625 0.6687 0.9265625 0.685937 0.9390625 0.687 0.9453125 0.687 0.9453125 0.679687 0.9515625 0.65312 0.9515625 0.637 0.95 0.62187 0.946875 0.614062 0.9390625 0.612 0.93125 0.610937 0.90625 0.6062 0.88125 0.60312 0.721875 0.57187 0.6796875 0.564062 0.6703125 0.562 
0 0.1734375 0.492187 0.1703125 0.492187 0.1671875 0.4937 0.16875 0.57 0.1796875 0.576562 0.2015625 0.579687 0.2671875 0.589062 0.278125 0.589062 0.3890625 0.6062 0.5 0.62187 0.55625 0.629687 0.5671875 0.6312 0.5671875 0.620312 0.56875 0.60312 0.571875 0.58437 0.571875 0.57187 0.565625 0.5562 0.565625 0.55312 0.5578125 0.55312 0.546875 0.5 0.5203125 0.54687 0.4640625 0.537 0.4546875 0.53437 0.3609375 0.5187 0.1921875 0.49062 0.1828125 0.489062 
0 0.6734375 0.479687 0.6703125 0.52 0.671875 0.545312 0.6828125 0.54687 0.7046875 0.5 0.8015625 0.562 0.8125 0.56562 0.9421875 0.582812 0.9515625 0.58437 0.9515625 0.573437 0.9578125 0.539062 0.959375 0.526562 0.9609375 0.51562 0.9546875 0.50937 0.9484375 0.501562 0.94375 0.495312 0.9390625 0.4937 0.928125 0.492187 0.9046875 0.489062 0.85625 0.482812 0.775 0.47187 0.715625 0.464062 0.6921875 0.460937 0.6796875 0.45937 
0 0.5984375 0.48437 0.596875 0.526562 0.59375 0.570312 0.5921875 0.612 0.5921875 0.64062 0.6 0.64062 0.61875 0.6437 0.628125 0.64687 0.6375 0.648437 0.646875 0.6 0.646875 0.6312 0.65 0.607812 0.6546875 0.542187 0.659375 0.47 0.6609375 0.45312 0.6578125 0.451562 0.634375 0.451562 0.609375 0.448437 
0 0.1734375 0.379687 0.1734375 0.4562 0.175 0.470312 0.178125 0.47187 0.1875 0.47187 0.2109375 0.476562 0.221875 0.476562 0.334375 0.492187 0.3453125 0.4937 0.35625 0.495312 0.43125 0.5062 0.5171875 0.520312 0.55 0.52 0.5734375 0.52 0.5734375 0.498437 0.575 0.4562 0.5734375 0.4 0.571875 0.445312 0.56875 0.442187 0.5609375 0.442187 0.5421875 0.439062 0.534375 0.437 0.5203125 0.43437 0.4875 0.42 0.4734375 0.42187 0.45625 0.420312 0.43125 0.420312 0.4046875 0.4187 0.390625 0.417187 0.365625 0.412 0.325 0.404687 0.3 0. 0.209375 0.3812 0.1921875 0.37812 
0 0.453125 0.27187 0.45 0.314062 0.4484375 0.3562 0.4484375 0. 0.459375 0.401562 0.4703125 0.401562 0.528125 0.410937 0.5625 0.414062 0.7921875 0.44687 0.9515625 0.467187 0.9609375 0.4687 0.9609375 0.342187 0.95625 0.342187 0.9453125 0.339062 0.9359375 0.339062 0.90625 0.332812 0.896875 0.332812 0.8578125 0.326562 0.478125 0.264062 0.4671875 0.262 0.4578125 0.260937 
0 0.5203125 0.139062 0.5203125 0.145312 0.5171875 0.160937 0.5140625 0.1687 0.50625 0.2062 0.5046875 0.220312 0.503125 0.226562 0.5125 0.235937 0.5203125 0.237 0.53125 0.239062 0.559375 0.2437 0.6265625 0.254687 0.646875 0.257812 0.6984375 0.26562 0.821875 0.28437 0.8734375 0.292187 0.9046875 0.29687 0.928125 0.29687 0.946875 0.295312 0.9578125 0.28437 0.959375 0.276562 0.9625 0.260937 0.9609375 0.2437 0.9609375 0.232812 0.965625 0.22187 0.971875 0.210937 0.971875 0.19687 0.965625 0.19687 0.953125 0.195312 0.93125 0.192187 0.8953125 0.185937 0.803125 0.173437 0.5375 0.137 0.5265625 0.135937 
0 0.034375 0.0687 0.034375 0.07812 0.0328125 0.0937 0.0265625 0.142187 0.025 0.157812 0.025 0.164062 0.0296875 0.164062 0.040625 0.16562 0.0515625 0.167187 0.0921875 0.173437 0.184375 0.187 0.2046875 0.19062 0.2734375 0.201562 0.38125 0.220312 0.440625 0.229687 0.4671875 0.2312 0.48125 0.2312 0.48125 0.22187 0.4859375 0.198437 0.490625 0.162 0.4921875 0.151562 0.4921875 0.148437 0.490625 0.142187 0.4875 0.135937 0.4875 0.132812 0.478125 0.132812 0.453125 0.129687 0.4046875 0.12187 0.3328125 0.114062 0.309375 0.110937 0.290625 0.107812 0.196875 0.092187 0.05625 0.067187 
0 0.5296875 0.02812 0.5234375 0.062 0.5203125 0.085937 0.51875 0.09687 0.51875 0.110937 0.5328125 0.120312 0.5375 0.12187 0.546875 0.120312 0.55625 0.117187 0.5640625 0.117187 0.6078125 0.123437 0.6609375 0.1312 0.9046875 0.1687 0.9375 0.173437 0.946875 0.173437 0.946875 0.170312 0.95 0.114062 0.95 0.076562 0.9453125 0.076562 0.93125 0.07187 0.9234375 0.070312 0.9140625 0.0687 0.8921875 0.06562 0.8484375 0.05937 0.575 0.020312 0.5578125 0.0187 
