0 0.4609375 0.74687 0.446875 0.762 0.4171875 0.795312 0.403125 0.810937 0.390625 0.82 0.3984375 0.82812 0.4046875 0.82812 0.4109375 0.829687 0.4171875 0.8312 0.4234375 0.83437 0.428125 0.842187 0.4421875 0.85937 0.459375 0.88437 0.4640625 0.889062 0.4671875 0.8937 0.4703125 0.895312 0.4796875 0.89687 0.5 0. 0.55625 0.90937 0.5640625 0.90937 0.5640625 0.904687 0.5609375 0.8812 0.565625 0.87 0.571875 0.867187 0.578125 0.860937 0.625 0.860937 0.628125 0.862 0.6421875 0.870312 0.65 0.87 0.6625 0.88437 0.6703125 0.889062 0.6734375 0.89062 0.6828125 0.89062 0.696875 0.889062 0.709375 0.887 0.7125 0.882812 0.7171875 0.87 0.721875 0.867187 0.725 0.85937 0.7421875 0.832812 0.74375 0.82812 0.7453125 0.817187 0.7484375 0.810937 0.7484375 0.8062 0.75 0.801562 0.7421875 0. 0.7296875 0.798437 0.6796875 0.785937 0.665625 0.78437 0.559375 0.75937 0.48125 0.742187 0.4734375 0.74062 
0 0.0421875 0.729687 0.0296875 0.7312 0.0109375 0.7 0.0203125 0.7562 0.028125 0.75937 0.046875 0.77187 0.090625 0.79687 0.1859375 0.851562 0.2046875 0.864062 0.2984375 0.9187 0.30625 0.92187 0.309375 0.92 0.3140625 0.926562 0.3140625 0.92187 0.3171875 0.907812 0.334375 0.84062 0.3359375 0.8312 0.3328125 0.829687 0.3265625 0.826562 0.309375 0.8187 0.275 0.80312 0.2671875 0. 0.2625 0.798437 0.24375 0.79687 0.23125 0.7937 0.2 0.785937 0.1953125 0.78437 0.1921875 0.7812 0.1890625 0.776562 0.1859375 0.770312 0.18125 0.76562 0.16875 0.745312 0.1578125 0.729687 0.1203125 0.729687 
0 0.165625 0.62812 0.146875 0.648437 0.146875 0.651562 0.15 0.657812 0.153125 0.66562 0.1609375 0.679687 0.1609375 0.682812 0.1640625 0.689062 0.2046875 0.648437 0.246875 0.60937 0.25625 0.620312 0.1734375 0.704687 0.1765625 0.707812 0.18125 0.71562 0.1953125 0.742187 0.2 0.748437 0.2125 0.735937 0.2265625 0.7187 0.26875 0.673437 0.2828125 0.6562 0.2875 0.651562 0.296875 0.660937 0.2859375 0.67187 0.275 0.685937 0.228125 0.739062 0.215625 0.751562 0.2078125 0.760937 0.215625 0.767187 0.221875 0.77187 0.228125 0.776562 0.253125 0.776562 0.2640625 0.76562 0.3015625 0.72187 0.315625 0.707812 0.3296875 0.69062 0.3328125 0.6937 0.3390625 0.69687 0.3421875 0. 0.321875 0.720312 0.3015625 0.742187 0.2796875 0.76562 0.265625 0.782812 0.26875 0.78437 0.271875 0.785937 0.275 0.785937 0.3046875 0. 0.3078125 0. 0.31875 0.787 0.3515625 0.748437 0.3625 0.735937 0.371875 0.72812 0.375 0.729687 0.3796875 0.735937 0.3734375 0.742187 0.3578125 0.762 0.34375 0.782812 0.3375 0.789062 0.328125 0.80312 0.3234375 0.807812 0.33125 0.80937 0.3390625 0.812 0.353125 0.814062 0.3609375 0.817187 0.3671875 0.817187 0.3734375 0.8187 0.38125 0.80937 0.40625 0.779687 0.4140625 0.770312 0.421875 0.760937 0.4265625 0.754687 0.415625 0.7437 0.4 0.7312 0.3859375 0.717187 0.3421875 0.679687 0.284375 0.626562 0.240625 0.589062 0.2265625 0.57 
0 0.2390625 0.567187 0.25625 0.5812 0.2890625 0.610937 0.3359375 0.654687 0.384375 0.69687 0.4 0.712 0.415625 0.726562 0.43125 0.74062 0.440625 0.748437 0.45 0.737 0.4578125 0.726562 0.4671875 0.717187 0.5078125 0.6687 0.5140625 0.660937 0.5171875 0.6562 0.5453125 0.612 0.5453125 0.60937 0.5390625 0.604687 0.5234375 0.592187 0.4953125 0.570312 0.409375 0.50312 0.3453125 0.45312 0.3421875 0.451562 
0 0.4125 0.376562 0.3671875 0.423437 0.353125 0.439062 0.3578125 0.4437 0.3671875 0.451562 0.3765625 0.457812 0.403125 0.479687 0.5 0.560937 0.5265625 0.582812 0.5359375 0.589062 0.54375 0.59687 0.5484375 0. 0.5515625 0.5937 0.5640625 0.57 0.5671875 0.567187 0.6078125 0.501562 0.609375 0.498437 0.6078125 0.4937 0.6 0.487 0.5765625 0.4687 0.5515625 0.448437 0.4796875 0.392187 0.471875 0.38437 0.4484375 0.36562 0.440625 0.35937 
0 0.340625 0.332812 0.278125 0.3937 0.215625 0.454687 0.153125 0.51562 0.1109375 0.557812 0.109375 0.560937 0.1078125 0.573437 0.1078125 0.587 0.1109375 0.5937 0.128125 0.62812 0.1390625 0.637 0.175 0.601562 0.2140625 0.55937 0.3765625 0.39062 0.4171875 0.3 0.4203125 0.3437 0.4140625 0.337 0.4 0.326562 0.3875 0.314062 0.375 0.30312 
0 0.6453125 0.314062 0.6140625 0.348437 0.5671875 0. 0.553125 0.41562 0.5453125 0.426562 0.5546875 0.43437 0.5703125 0.44687 0.6546875 0.51562 0.6625 0.52187 0.6703125 0.526562 0.68125 0.51562 0.703125 0.49687 0.7828125 0.429687 0.79375 0.4187 0.78125 0.4062 0.7609375 0.389062 0.68125 0.314062 
0 0.253125 0.2187 0.234375 0.22187 0.20625 0.226562 0.1609375 0.23437 0.1515625 0.235937 0.146875 0.237 0.1421875 0.24062 0.128125 0.2 0.1203125 0.25312 0.10625 0.248437 0.0984375 0.24687 0.0890625 0.248437 0.0734375 0.251562 0.05625 0.254687 0.040625 0.257812 0.0328125 0.25937 0.0296875 0.260937 0.0296875 0.264062 0.0265625 0.27187 0.0234375 0.28437 0.009375 0.34062 0.0078125 0.34687 0.0140625 0.348437 0.021875 0.351562 0.0390625 0.354687 0.05625 0.35937 0.059375 0.360937 0.0625 0.367187 0.0640625 0.373437 0.0671875 0.387 0.06875 0.3937 0.0734375 0.414062 0.1 0.529687 0.1 0.535937 0.1015625 0.54062 0.1265625 0.51562 0.15625 0.489062 0.184375 0.460937 0.2421875 0.407812 0.3296875 0.32 0.3578125 0.298437 0.359375 0.295312 0.35 0.289062 0.3421875 0.2812 0.309375 0.254687 0.2765625 0.229687 0.26875 0.22187 
0 0.859375 0.21562 0.8515625 0.217187 0.8375 0.220312 0.8234375 0.22 0.815625 0.226562 0.809375 0.22812 0.8 0.226562 0.7890625 0.22 0.7609375 0.220312 0.7515625 0.217187 0.74375 0.21562 0.740625 0.21562 0.71875 0.237 0.6953125 0.262 0.6734375 0.287 0.7203125 0.33437 0.8 0.412 0.803125 0.412 0.815625 0. 0.84375 0.37 0.871875 0.351562 0.9703125 0.264062 0.984375 0.251562 0.9546875 0.223437 0.95 0.22187 0.9421875 0.220312 0.934375 0.2187 0.909375 0.214062 
0 0.58125 0.151562 0.55 0.157812 0.49375 0.1687 0.3828125 0.19062 0.2875 0.210937 0.28125 0.212 0.2890625 0.2187 0.3046875 0.2312 0.353125 0.270312 0.440625 0.339062 0.4484375 0.34687 0.51875 0.40312 0.5265625 0.40937 0.5328125 0.414062 0.5484375 0.398437 0.565625 0.37812 0.634375 0.30312 0.653125 0.28437 0.7046875 0.22812 0.721875 0.20937 0.7234375 0.2062 0.7203125 0.204687 0.7140625 0.201562 0.6953125 0.192187 0.6921875 0.192187 0.60625 0.148437 
