0 0.378125 0.787 0.3765625 0.79062 0.3765625 0.7937 0.365625 0.81562 0.35625 0.837 0.35625 0.84062 0.371875 0.854687 0.371875 0.857812 0.36875 0.86562 0.3453125 0.917187 0.3453125 0.920312 0.3421875 0.926562 0.3453125 0.92812 0.3515625 0.929687 0.3734375 0.94062 0.440625 0.970312 0.4515625 0.97 0.459375 0.97812 0.4625 0.97812 0.4640625 0.97 0.4671875 0.9687 0.4734375 0.9562 0.5078125 0.887 0.5234375 0.854687 0.5234375 0.851562 0.5203125 0.8 0.5171875 0.848437 0.4984375 0.84062 0.390625 0.787 0.3828125 0.78437 
0 0.4703125 0.60312 0.4671875 0.607812 0.4609375 0.62187 0.45 0.6437 0.4171875 0.712 0.4015625 0.745312 0.3890625 0.77187 0.3890625 0.77 0.3921875 0.776562 0.4046875 0.782812 0.43125 0.795312 0.5046875 0.829687 0.5078125 0.829687 0.53125 0.839062 0.5328125 0.835937 0.5359375 0.829687 0.5359375 0.826562 0.55 0.798437 0.60625 0.682812 0.6125 0.6687 0.6078125 0.66562 0.5984375 0.660937 0.584375 0.65312 0.5140625 0.617187 
0 0.3234375 0.5937 0.3171875 0.6062 0.3078125 0.626562 0.2765625 0.692187 0.2765625 0.695312 0.2703125 0.712 0.2734375 0.712 0.284375 0.7187 0.309375 0.72812 0.3453125 0.745312 0.378125 0.75937 0.38125 0.754687 0.3828125 0.7 0.3875 0.742187 0.396875 0.7187 0.4078125 0.698437 0.4265625 0.657812 0.4328125 0.6437 0.4296875 0.642187 0.4234375 0.639062 0.4109375 0.632812 0.38125 0.6187 0.378125 0.61562 0.328125 0.59062 
0 0.8625 0.40937 0.859375 0.41562 0.8515625 0.4312 0.8421875 0.448437 0.8171875 0. 0.8140625 0.50312 0.80625 0.520312 0.8046875 0.523437 0.8015625 0.52 0.7984375 0.523437 0.7921875 0.520312 0.7796875 0.514062 0.734375 0.49062 0.73125 0.49062 0.6859375 0.470312 0.684375 0.473437 0.68125 0.479687 0.675 0.492187 0.6625 0.517187 0.5984375 0.645312 0.6015625 0.64687 0.6140625 0.65312 0.6171875 0.65312 0.640625 0.66562 0.7078125 0.698437 0.7984375 0.742187 0.825 0.754687 0.828125 0.754687 0.8296875 0.751562 0.8328125 0.745312 0.8453125 0.720312 0.8640625 0.6812 0.9703125 0.464062 0.9703125 0.460937 0.9734375 0.4 0.9703125 0.448437 0.9671875 0.44687 0.95 0.44062 0.8734375 0.407812 
0 0.2484375 0.404687 0.2453125 0.410937 0.2328125 0.435937 0.215625 0.47 0.196875 0.510937 0.1078125 0.69687 0.090625 0.732812 0.0765625 0.762 0.084375 0.767187 0.0953125 0.77187 0.13125 0.785937 0.1421875 0.792187 0.196875 0.81562 0.2015625 0.817187 0.203125 0.814062 0.20625 0.807812 0.2125 0.795312 0.234375 0.751562 0.234375 0.748437 0.3609375 0.4937 0.3609375 0.49062 0.375 0.457812 0.371875 0.4562 0.365625 0.45312 0.3625 0.45312 0.3421875 0.4437 0.278125 0.412 0.2578125 0.40312 0.253125 0.401562 
0 0.584375 0.367187 0.58125 0.373437 0.5765625 0.382812 0.565625 0.407812 0.5203125 0.49687 0.478125 0.582812 0.478125 0.585937 0.48125 0.587 0.4875 0.59062 0.5 0.59687 0.528125 0.610937 0.53125 0.610937 0.584375 0.637 0.5859375 0.63437 0.5890625 0.62812 0.5953125 0.61562 0.6203125 0.56562 0.6203125 0.562 0.6578125 0.489062 0.69375 0.41562 0.69375 0.412 0.690625 0.410937 0.684375 0.407812 0.6671875 0. 0.6328125 0.38437 0.615625 0.37812 0.6015625 0.370312 0.5984375 0.370312 
0 0.4671875 0.30937 0.4640625 0.31562 0.4578125 0.32812 0.4453125 0.354687 0.4234375 0.395312 0.3359375 0.576562 0.3390625 0.57812 0.35 0.582812 0.353125 0.585937 0.375 0.59687 0.4125 0.617187 0.440625 0.6312 0.4421875 0.62812 0.4453125 0.62187 0.453125 0.6062 0.453125 0.60312 0.4703125 0.570312 0.5015625 0.5062 0.5609375 0.385937 0.5734375 0.35937 0.5734375 0.3562 0.5703125 0.354687 0.5640625 0.351562 0.5515625 0.345312 0.5234375 0.3312 0.471875 0.3062 
0 0.8078125 0.212 0.8078125 0.21562 0.8015625 0.226562 0.790625 0.2 0.7328125 0.37187 0.7125 0.410937 0.7125 0.414062 0.6984375 0.442187 0.703125 0.445312 0.709375 0.448437 0.7265625 0.457812 0.7734375 0.482812 0.796875 0.4937 0.8015625 0.49687 0.803125 0.4937 0.80625 0.487 0.8125 0.47 0.825 0.4 0.871875 0.3562 0.871875 0.35312 0.915625 0.26562 0.9125 0.264062 0.9015625 0.257812 0.890625 0.251562 0.8265625 0.217187 0.815625 0.210937 0.8125 0.207812 
0 0.3421875 0.2062 0.334375 0.22187 0.334375 0.22 0.315625 0.260937 0.2796875 0.335937 0.2625 0.37187 0.2625 0.37 0.2609375 0.382812 0.2640625 0.38437 0.2703125 0.387 0.2828125 0.3937 0.3328125 0.4187 0.3359375 0.4187 0.384375 0.44062 0.3859375 0.437 0.3890625 0.4312 0.3953125 0.4187 0.4078125 0.3937 0.475 0.257812 0.471875 0.2562 0.46875 0.254687 0.4546875 0.248437 0.428125 0.237 0.39375 0.22187 0.3578125 0.2062 0.3546875 0.2062 0.346875 0.201562 
0 0.6890625 0.148437 0.6859375 0.154687 0.678125 0.170312 0.6640625 0. 0.6078125 0.31562 0.6078125 0.3187 0.596875 0.345312 0.6015625 0.348437 0.6125 0.35312 0.6734375 0.389062 0.684375 0.3937 0.6875 0.39687 0.696875 0.401562 0.6984375 0.398437 0.7015625 0.392187 0.7078125 0.379687 0.7203125 0.354687 0.7984375 0.198437 0.7953125 0.19687 0.7890625 0.1937 0.7765625 0.187 0.7515625 0.17 
0 0.14375 0.112 0.140625 0.1187 0.1359375 0.12812 0.125 0.151562 0.103125 0.19687 0.0375 0.3312 0.0375 0.33437 0.0203125 0.373437 0.0234375 0.37 0.0328125 0.379687 0.0359375 0.379687 0.05625 0.39062 0.0796875 0.401562 0.146875 0.4312 0.190625 0.45312 0.19375 0.45312 0.2 0.4562 0.2015625 0.45312 0.203125 0.4 0.2078125 0.437 0.2203125 0.414062 0.3125 0.223437 0.325 0.19687 0.3203125 0.1937 0.3140625 0.19062 0.2734375 0.170312 0.21875 0.145312 0.1671875 0.1187 0.1640625 0.1187 
0 0.56875 0.092187 0.5625 0.104687 0.5625 0.107812 0.55 0.132812 0.484375 0.2687 0.484375 0.27187 0.4765625 0.292187 0.4796875 0.2937 0.4828125 0.2937 0.5 0.30312 0.5203125 0.310937 0.5578125 0.329687 0.575 0.337 0.578125 0.337 0.5859375 0.339062 0.5875 0.335937 0.5875 0.332812 0.59375 0.32187 0.6046875 0.298437 0.6625 0.179687 0.6796875 0.1437 0.6796875 0.14062 0.6765625 0.139062 0.6703125 0.135937 0.6578125 0.129687 0.6328125 0.117187 0.5734375 0.087 
0 0.425 0.023437 0.4234375 0.026562 0.41875 0.037 0.409375 0.057812 0.384375 0.110937 0.35625 0.17187 0.35625 0.17 0.35 0.187 0.353125 0.189062 0.35625 0.19062 0.3671875 0.195312 0.3875 0.204687 0.46875 0.242187 0.4765625 0.245312 0.4796875 0.24062 0.4828125 0.23437 0.490625 0.2187 0.503125 0.195312 0.5359375 0.1312 0.559375 0.08437 0.559375 0.0812 0.55625 0.079687 0.5421875 0.073437 0.5265625 0.06562 0.440625 0.02 0.4296875 0.020312 
