0 0.9265625 0.826562 0.9046875 0.829687 0.853125 0.837 0.6609375 0.867187 0.6078125 0.87 0.565625 0.879687 0.55625 0.8812 0.546875 0.87812 0.5359375 0.876562 0.5328125 0.87812 0.5203125 0.887 0.5171875 0.89062 0.51875 0.901562 0.5203125 0.912 0.5234375 0.935937 0.5296875 0.970312 0.5296875 0.979687 0.5578125 0.979687 0.575 0.97812 0.596875 0.97 0.640625 0.9687 0.9140625 0.929687 0.9234375 0.92812 0.93125 0.926562 0.9453125 0.92187 0.95 0.92187 0.95 0.88437 0.9484375 0.829687 0.946875 0.82 
0 0.440625 0.7687 0.421875 0.77187 0.38125 0.77812 0.2734375 0.79687 0.2046875 0.807812 0.184375 0.810937 0.0515625 0.8312 0.0421875 0.8312 0.03125 0.832812 0.025 0.83437 0.025 0.84062 0.0265625 0.8562 0.03125 0.90312 0.0328125 0.9187 0.034375 0.929687 0.0390625 0.929687 0.05625 0.9312 0.0859375 0.92 0.196875 0.9062 0.309375 0.887 0.3328125 0.88437 0.4046875 0.876562 0.453125 0.8687 0.4765625 0.867187 0.4875 0.86562 0.4875 0.862 0.490625 0.8562 0.490625 0.851562 0.4921875 0.84687 0.4890625 0.823437 0.4859375 0. 0.48125 0.776562 0.48125 0.767187 
0 0.8734375 0.7062 0.821875 0.714062 0.646875 0.74062 0.6265625 0.7437 0.53125 0.75937 0.5203125 0.760937 0.5125 0.762 0.503125 0.77187 0.503125 0.776562 0.50625 0.792187 0.5140625 0.829687 0.5171875 0.837 0.51875 0.851562 0.5203125 0.85937 0.521875 0.862 0.5265625 0.862 0.5375 0.860937 0.5609375 0.857812 0.60625 0.851562 0.6984375 0.839062 0.8953125 0.812 0.953125 0.80312 0.9640625 0.80312 0.971875 0.801562 0.971875 0.787 0.965625 0.776562 0.9609375 0.76562 0.9609375 0.754687 0.9625 0.737 0.959375 0.72187 0.9578125 0.714062 0.946875 0.70312 0.928125 0.701562 
0 0.9296875 0.53437 0.871875 0.542187 0.7921875 0.551562 0.5625 0.58437 0.528125 0.587 0.4703125 0.59687 0.459375 0.59687 0.446875 0.601562 0.4484375 0.642187 0.45 0.68437 0.4515625 0.72 0.453125 0.737 0.4578125 0.737 0.4671875 0.735937 0.478125 0.73437 0.50625 0.729687 0.5375 0.723437 0.6640625 0.70312 0.8578125 0.67187 0.9359375 0.65937 0.9453125 0.65937 0.9546875 0.657812 0.9609375 0.6562 0.9609375 0.529687 
0 0.5171875 0.47812 0.35625 0.50312 0.3453125 0.504687 0.334375 0.5062 0.278125 0.514062 0.221875 0.52187 0.2109375 0.52187 0.1890625 0.52 0.178125 0.526562 0.175 0.52812 0.175 0.54062 0.1734375 0.6187 0.1796875 0.6187 0.1921875 0.620312 0.209375 0.617187 0.2421875 0.610937 0.365625 0.585937 0.390625 0.5812 0.4046875 0.579687 0.43125 0.57812 0.45625 0.57812 0.4734375 0.576562 0.4875 0.573437 0.5203125 0.564062 0.534375 0.560937 0.5421875 0.55937 0.5609375 0.5562 0.56875 0.5562 0.571875 0.55312 0.5734375 0.548437 0.575 0.542187 0.575 0.501562 0.5734375 0.473437 
0 0.921875 0.417187 0.8125 0.432812 0.8015625 0.435937 0.6828125 0.451562 0.6703125 0.454687 0.6703125 0.473437 0.671875 0.517187 0.6734375 0.539062 0.6796875 0.539062 0.6921875 0.537 0.7171875 0.532812 0.775 0.526562 0.9046875 0.50937 0.928125 0.5062 0.9390625 0.504687 0.94375 0.50312 0.9484375 0.498437 0.9546875 0.489062 0.9609375 0.482812 0.959375 0.47187 0.9578125 0.45937 0.9515625 0.42 0.9515625 0.414062 
0 0.55625 0.3687 0.534375 0.37187 0.5 0.376562 0.3890625 0.392187 0.278125 0.40937 0.2671875 0.40937 0.1796875 0.42187 0.1671875 0.42 0.1671875 0.504687 0.1703125 0.5062 0.1734375 0.5062 0.178125 0.50937 0.1828125 0.50937 0.1921875 0.507812 0.2109375 0.504687 0.2484375 0.498437 0.4546875 0.464062 0.4640625 0.460937 0.5578125 0.445312 0.565625 0.445312 0.565625 0.442187 0.571875 0.426562 0.571875 0.414062 0.5703125 0.39687 0.56875 0.379687 
0 0.6375 0.3 0.628125 0.351562 0.61875 0.354687 0.6 0.357812 0.5921875 0.357812 0.5921875 0.385937 0.59375 0.42812 0.5953125 0.470312 0.596875 0.512 0.5984375 0.5 0.609375 0.5 0.634375 0.54687 0.6609375 0.545312 0.659375 0.523437 0.6546875 0.4562 0.65 0.39062 0.6484375 0.3687 
0 0.9265625 0.312 0.903125 0.31562 0.853125 0.32187 0.790625 0.329687 0.778125 0.332812 0.6796875 0.3437 0.6671875 0.345312 0.6625 0.34687 0.6625 0.385937 0.6640625 0.4312 0.665625 0.435937 0.6703125 0.435937 0.6796875 0.43437 0.721875 0.426562 0.7890625 0.412 0.88125 0.395312 0.90625 0.392187 0.93125 0.387 0.9390625 0.385937 0.9484375 0.382812 0.95 0.376562 0.9515625 0.360937 0.9515625 0.345312 0.9453125 0.3187 0.9453125 0.310937 
0 0.625 0.207812 0.59375 0.212 0.51875 0.223437 0.5078125 0.226562 0.5 0.226562 0.5 0.235937 0.503125 0.248437 0.50625 0.282812 0.5109375 0.317187 0.5125 0.32812 0.5140625 0.339062 0.515625 0.3437 0.5265625 0.342187 0.5546875 0.337 0.584375 0.332812 0.63125 0.32 0.640625 0.323437 0.64375 0.32187 0.64375 0.304687 0.640625 0.2812 0.6390625 0.239062 0.6375 0.217187 
0 0.8984375 0.160937 0.853125 0.1687 0.7640625 0.185937 0.7375 0.189062 0.7015625 0.19687 0.675 0.201562 0.6671875 0.201562 0.65625 0.204687 0.65625 0.25312 0.6578125 0.30937 0.659375 0.32 0.6671875 0.32 0.6890625 0.320312 0.7515625 0.312 0.8984375 0.29062 0.9078125 0.289062 0.9125 0.285937 0.9390625 0.267187 0.94375 0.254687 0.9453125 0.24062 0.946875 0.226562 0.9484375 0.212 0.9484375 0.2062 0.946875 0.195312 0.94375 0.18437 0.94375 0.17 0.940625 0.162 0.9359375 0.162 0.925 0.157812 
0 0.9078125 0.026562 0.890625 0.029687 0.8484375 0.037 0.80625 0.04687 0.7890625 0.0 0.7796875 0.051562 0.7703125 0.05312 0.7375 0.057812 0.68125 0.06562 0.6140625 0.07 0.5578125 0.082812 0.546875 0.082812 0.5359375 0.08437 0.5359375 0.098437 0.5375 0.114062 0.5421875 0.160937 0.54375 0.176562 0.5453125 0.187 0.5546875 0.187 0.5671875 0.18437 0.6140625 0.179687 0.6609375 0.173437 0.73125 0.164062 0.7640625 0.15937 0.784375 0.1562 0.8546875 0.145312 0.884375 0.14062 0.89375 0.139062 0.9015625 0.137 0.9125 0.13437 0.928125 0.129687 0.9390625 0.12 0.9421875 0.12 0.9421875 0.120312 0.940625 0.101562 0.9375 0.064062 0.934375 0.045312 0.934375 0.029687 0.93125 0.02812 0.9234375 0.026562 
