0 0.0515625 0.82812 0.0484375 0.88437 0.0484375 0.92187 0.053125 0.92187 0.0671875 0.926562 0.075 0.92812 0.084375 0.929687 0.10625 0.932812 0.15 0.939062 0.4234375 0.97812 0.440625 0.979687 0.46875 0.979687 0.46875 0.970312 0.475 0.935937 0.478125 0.912 0.4796875 0.901562 0.4796875 0.887 0.465625 0.87812 0.4609375 0.876562 0.4515625 0.87812 0.4421875 0.8812 0.434375 0.8812 0.390625 0.87 0.3375 0.867187 0.09375 0.829687 0.0609375 0.82 
0 0.5171875 0.776562 0.5125 0. 0.5078125 0.835937 0.50625 0.84687 0.50625 0.8 0.5078125 0.8562 0.5109375 0.862 0.5109375 0.86562 0.5203125 0.86562 0.5453125 0.8687 0.59375 0.876562 0.665625 0.88437 0.6890625 0.887 0.7078125 0.89062 0.8015625 0.9062 0.9421875 0.9312 0.9578125 0.9312 0.9640625 0.929687 0.9640625 0.920312 0.965625 0.904687 0.971875 0.8562 0.9734375 0.84062 0.9734375 0.83437 0.96875 0.83437 0.9578125 0.832812 0.946875 0.8312 0.90625 0.82 0.8140625 0.810937 0.79375 0.807812 0.725 0.79687 0.6171875 0.77812 0.5578125 0.7687 0.53125 0.767187 
0 0.0515625 0.70312 0.040625 0.714062 0.0390625 0.72187 0.0359375 0.737 0.0375 0.754687 0.0375 0.76562 0.0328125 0.776562 0.0265625 0.787 0.0265625 0.801562 0.0328125 0.801562 0.0453125 0.80312 0.0671875 0.8062 0.103125 0.812 0.1953125 0.82 0.4609375 0.860937 0.471875 0.862 0.4765625 0.862 0.478125 0.85937 0.478125 0.85312 0.48125 0.837 0.484375 0.829687 0.4921875 0.792187 0.49375 0.77812 0.4953125 0.77187 0.4859375 0.762 0.478125 0.760937 0.4671875 0.75937 0.4390625 0.754687 0.371875 0.7437 0.3515625 0.74062 0.3 0.732812 0.1765625 0.714062 0.125 0.7062 0.09375 0.701562 
0 0.0375 0.6562 0.0421875 0.6562 0.053125 0.65937 0.0625 0.65937 0.0921875 0.66562 0.1015625 0.66562 0.140625 0.67187 0.5203125 0.73437 0.53125 0.735937 0.540625 0.737 0.5453125 0.737 0.5453125 0.726562 0.5484375 0.68437 0.55 0.642187 0.55 0.598437 0.5390625 0.59687 0.528125 0.59687 0.4703125 0.587 0.4359375 0.58437 0.20625 0.551562 0.046875 0.5312 
0 0.425 0. 0.4234375 0.542187 0.425 0.548437 0.4265625 0.55312 0.4296875 0.5562 0.4375 0.5562 0.45625 0.55937 0.4640625 0.560937 0.478125 0.564062 0.5109375 0.573437 0.525 0.576562 0.5421875 0.57812 0.5671875 0.57812 0.59375 0.579687 0.6078125 0.5812 0.6328125 0.585937 0.6734375 0.5937 0.6984375 0.598437 0.7890625 0.617187 0.80625 0.620312 0.8171875 0.620312 0.825 0.6187 0.825 0.542187 0.8234375 0.52812 0.8203125 0.526562 0.8109375 0.526562 0.7875 0.52187 0.7765625 0.52187 0.6640625 0.5062 0.653125 0.504687 0.6421875 0.50312 0.5671875 0.492187 0.48125 0.47812 0.4484375 0.473437 
0 0.046875 0.42 0.040625 0.45937 0.0390625 0.47187 0.0375 0.482812 0.04375 0.489062 0.05 0.49687 0.0546875 0.50312 0.059375 0.504687 0.0703125 0.5062 0.09375 0.50937 0.1421875 0.51562 0.2234375 0.526562 0.2828125 0.53437 0.30625 0.537 0.31875 0.539062 0.325 0.539062 0.325 0.5187 0.328125 0.473437 0.3265625 0.45312 0.315625 0.451562 0.29375 0.448437 0.196875 0.435937 0.1859375 0.432812 0.05625 0.41562 
0 0.43125 0.37812 0.4296875 0.395312 0.4265625 0.414062 0.4265625 0.426562 0.4328125 0.442187 0.4328125 0.445312 0.440625 0.445312 0.4515625 0.448437 0.478125 0.451562 0.534375 0.460937 0.54375 0.464062 0.6375 0.479687 0.80625 0.507812 0.815625 0.50937 0.8203125 0.50937 0.825 0.5062 0.828125 0.5062 0.83125 0.504687 0.8296875 0.423437 0.81875 0.42187 0.796875 0.4187 0.73125 0.40937 0.7203125 0.40937 0.609375 0.392187 0.4984375 0.376562 0.4421875 0.3687 
0 0.3515625 0.367187 0.3484375 0.39062 0.34375 0.4562 0.3390625 0.523437 0.3375 0.545312 0.340625 0.54687 0.3640625 0.54687 0.3890625 0.5 0.4 0.5 0.4 0.514062 0.4015625 0.47187 0.4046875 0.42812 0.40625 0.385937 0.40625 0.357812 0.3984375 0.357812 0.3796875 0.354687 0.3703125 0.351562 0.3609375 0.3 
0 0.053125 0.3187 0.046875 0.345312 0.046875 0.360937 0.0484375 0.376562 0.0515625 0.38437 0.059375 0.385937 0.0671875 0.387 0.0921875 0.392187 0.1171875 0.395312 0.2765625 0.426562 0.31875 0.43437 0.328125 0.435937 0.3328125 0.435937 0.3328125 0.432812 0.3359375 0.385937 0.3359375 0.34687 0.3328125 0.34687 0.3203125 0.345312 0.2953125 0.342187 0.2203125 0.332812 0.2078125 0.329687 0.071875 0.312 0.059375 0.310937 
0 0.3625 0.21562 0.3609375 0.237 0.35625 0.282812 0.3546875 0.304687 0.3546875 0.32187 0.3578125 0.323437 0.365625 0.323437 0.4140625 0.332812 0.471875 0.342187 0.4828125 0.3437 0.4828125 0.34062 0.484375 0.329687 0.4875 0.317187 0.4921875 0.282812 0.4953125 0.248437 0.4984375 0.235937 0.4984375 0.226562 0.490625 0.226562 0.4796875 0.223437 0.4578125 0.220312 0.4046875 0.212 0.3734375 0.207812 
0 0.0625 0.162 0.05625 0.164062 0.0546875 0.17 0.0546875 0.18437 0.0515625 0.195312 0.05 0.2062 0.05 0.212 0.0515625 0.226562 0.053125 0.24062 0.0546875 0.254687 0.0578125 0.267187 0.0671875 0.273437 0.0859375 0.285937 0.090625 0.289062 0.1 0.29062 0.121875 0.2937 0.1640625 0. 0.246875 0.312 0.33125 0.32 0.3390625 0.32 0.3390625 0.310937 0.3421875 0.25312 0.340625 0.20312 0.33125 0.201562 0.3234375 0.201562 0.296875 0.19687 0.2609375 0.189062 0.234375 0.185937 0.1453125 0.1687 0.0828125 0.157812 
0 0.075 0.026562 0.0671875 0.02812 0.0640625 0.029687 0.0640625 0.045312 0.0609375 0.064062 0.0578125 0.101562 0.05625 0.120312 0.05625 0.12 0.059375 0.12 0.0703125 0.129687 0.0859375 0.13437 0.096875 0.137 0.1046875 0.139062 0.1140625 0.14062 0.14375 0.145312 0.2140625 0.1562 0.234375 0.15937 0.2671875 0.164062 0.3140625 0.170312 0.384375 0.179687 0.43125 0.18437 0.44375 0.187 0.453125 0.187 0.453125 0.17812 0.4546875 0.162 0.4625 0.098437 0.4625 0.08437 0.453125 0.08437 0.440625 0.082812 0.384375 0.07 0.2609375 0.057812 0.228125 0.05312 0.21875 0.051562 0.209375 0.0 0.1921875 0.04687 0.15 0.037 0.1078125 0.029687 0.090625 0.026562 
