0 0.415625 0.798437 0.3640625 0.801562 0.284375 0.8062 0.2578125 0.80937 0.2328125 0.80937 0.225 0.810937 0.225 0.842187 0.2234375 0.9187 0.24375 0.917187 0.2859375 0.914062 0.45 0. 0.4703125 0. 0.490625 0.898437 0.5109375 0.89687 0.5203125 0.895312 0.5203125 0.892187 0.5171875 0.879687 0.5015625 0.82187 0.5015625 0.81562 0.4984375 0.80312 0.496875 0.79687 0.4953125 0.7937 
0 0.44375 0.726562 0.3578125 0.7312 0.271875 0.737 0.24375 0.737 0.215625 0.739062 0.2015625 0.74062 0.2015625 0.7 0.203125 0.75312 0.209375 0.760937 0.2125 0.76562 0.2125 0.77 0.209375 0.787 0.2109375 0.795312 0.2234375 0.79687 0.234375 0.79687 0.2609375 0.7937 0.3109375 0.792187 0.3875 0.785937 0.4640625 0.7812 0.490625 0.779687 0.490625 0.776562 0.4890625 0.7687 0.4875 0.75937 0.4828125 0.735937 0.48125 0.72812 0.4796875 0.72 
0 0.4015625 0.614062 0.2875 0.6187 0.23125 0.6187 0.175 0.620312 0.1359375 0.62187 0.1359375 0.62812 0.1375 0.639062 0.1421875 0.660937 0.146875 0.692187 0.1484375 0.712 0.15 0.723437 0.1515625 0.72812 0.165625 0.72812 0.1984375 0.726562 0.2625 0.723437 0.3265625 0.720312 0.390625 0.71562 0.421875 0.71562 0.453125 0.714062 0.4828125 0.712 0.484375 0.64687 0.484375 0.612 
0 0.88125 0.598437 0.75625 0.601562 0.56875 0.6062 0.50625 0.607812 0.5 0.60937 0.5 0.626562 0.4953125 0.67187 0.49375 0.6937 0.49375 0.710937 0.50625 0.710937 0.5359375 0.70937 0.5671875 0.707812 0.65625 0.70312 0.7171875 0. 0.8671875 0.692187 0.95625 0.687 0.9859375 0.685937 0.9953125 0.68437 0.99375 0.679687 0.990625 0.67187 0.9828125 0.651562 0.965625 0.607812 0.9625 0.60312 0.9625 0. 0.9609375 0.59687 
0 0.259375 0.47812 0.1234375 0.479687 0.1109375 0.4812 0.1109375 0.487 0.1125 0.498437 0.1140625 0.50937 0.11875 0.54062 0.121875 0.551562 0.1265625 0.582812 0.1265625 0.592187 0.128125 0.60312 0.1296875 0.607812 0.171875 0.607812 0.234375 0.6062 0.359375 0.601562 0.4203125 0.601562 0.4828125 0. 0.4875 0.598437 0.4875 0.589062 0.4890625 0.476562 
0 0.5890625 0.473437 0.5046875 0.47 0.5046875 0.551562 0.50625 0.598437 0.5203125 0.598437 0.5703125 0.59687 0.6703125 0.5937 0.8703125 0.587 0.9203125 0.585937 0.9546875 0.58437 0.9515625 0.57812 0.9484375 0.567187 0.9390625 0.545312 0.9125 0.47812 0.909375 0.47187 
0 0.5953125 0.3812 0.596875 0.4562 0.6734375 0.4562 0.903125 0.454687 0.9015625 0.451562 0.8984375 0.445312 0.8921875 0.432812 0.884375 0.420312 0.8796875 0.410937 0.878125 0.4062 0.875 0.395312 0.871875 0.38437 0.8703125 0.373437 0.8625 0.3 0.8609375 0.34062 0.8578125 0.33437 0.85 0.332812 0.7734375 0.3312 0.6953125 0.329687 0.6171875 0.32812 
0 0.2703125 0.3687 0.2671875 0.435937 0.2671875 0.467187 0.271875 0.467187 0.328125 0.46562 0.5015625 0.460937 0.5578125 0.45937 0.575 0.457812 0.575 0.44062 0.578125 0.373437 0.578125 0.329687 0.4984375 0.329687 0.40625 0.326562 0.3140625 0.32 
0 0.1140625 0.323437 0.0484375 0.32 0.0484375 0.335937 0.05 0.37812 0.0515625 0.420312 0.0546875 0.45937 0.0625 0.460937 0.06875 0.460937 0.071875 0.45937 0.0765625 0.454687 0.08125 0.45312 0.0875 0.45937 0.09375 0.464062 0.0984375 0.467187 0.103125 0.4687 0.1453125 0.467187 0.1875 0.46562 0.228125 0.464062 0.2578125 0.462 0.2578125 0.3937 0.25625 0.32187 
0 0.2734375 0.235937 0.271875 0.3062 0.2984375 0.3062 0.3953125 0.307812 0.684375 0.314062 0.78125 0.31562 0.846875 0.31562 0.8453125 0.312 0.84375 0.304687 0.8390625 0.287 0.8109375 0.192187 0.809375 0.187 0.80625 0.1812 0.790625 0.179687 0.734375 0.17812 0.6234375 0.17 0.3453125 0.167187 0.2890625 0.16562 
