0 0.5421875 0.59687 0.5421875 0.673437 0.54375 0.90312 0.546875 0.901562 0.553125 0.898437 0.565625 0.892187 0.578125 0.88437 0.5875 0.879687 0.5921875 0.87812 0.603125 0.87 0.6140625 0.87187 0.625 0.870312 0.6484375 0.862 0.6578125 0.860937 0.6640625 0.857812 0.665625 0.8 0.6671875 0.773437 0.66875 0.695312 0.6703125 0.617187 0.6703125 0.595312 
0 0.4 0.5062 0.4 0.520312 0.4015625 0.570312 0.4046875 0.670312 0.4109375 0.870312 0.4125 0.920312 0.4140625 0.954687 0.4203125 0.951562 0.43125 0.948437 0.453125 0.939062 0.5203125 0.912 0.5265625 0.90937 0.5265625 0.757812 0.525 0.589062 0.5234375 0.504687 
0 0.2875 0.5062 0.2890625 0.535937 0.290625 0.567187 0.2953125 0.6562 0.2984375 0.717187 0.30625 0.867187 0.3109375 0.9562 0.3125 0.985937 0.3140625 0.995312 0.31875 0.9937 0.3265625 0.99062 0.346875 0.982812 0.390625 0.96562 0.3953125 0.962 0.3984375 0.962 0.4015625 0.960937 0.4015625 0.9437 0.4 0.8812 0.396875 0.7562 0.3921875 0.5687 0.390625 0.5062 0.3890625 0. 0.371875 0. 0.3265625 0.495312 0.3046875 0.4937 
0 0.6921875 0.298437 0.690625 0.395312 0.684375 0.68437 0.6828125 0.7812 0.6828125 0.84687 0.6859375 0.845312 0.69375 0.8437 0.7109375 0.839062 0.80625 0.810937 0.8109375 0.80937 0.8171875 0.8062 0.81875 0.79062 0.8203125 0.73437 0.8234375 0.623437 0.83125 0.345312 0.8328125 0.289062 0.8328125 0.273437 0.7625 0.273437 
0 0.53125 0.27187 0.5328125 0.32812 0.5375 0.501562 0.5390625 0.557812 0.540625 0.57 0.5578125 0.57 0.625 0.57812 0.66875 0.57812 0.66875 0.498437 0.671875 0.4062 0.6734375 0.314062 0.6734375 0.270312 0.6296875 0.270312 0.5625 0.267187 
0 0.08125 0.2437 0.084375 0.285937 0.0984375 0.4 0.0984375 0.470312 0.1 0.49062 0.1015625 0.510937 0.103125 0.520312 0.10625 0.520312 0.11875 0.517187 0.1765625 0.501562 0.1828125 0.501562 0.1953125 0.498437 0.2015625 0.49687 0.2046875 0.495312 0.203125 0.4687 0.2 0.41562 0.196875 0.364062 0.1921875 0.28437 0.1890625 0.257812 0.1890625 0.232812 0.1875 0.22 0.15625 0.22 
0 0.2453125 0.20312 0.2375 0.20937 0.2328125 0.212 0.2234375 0.212 0.2109375 0.20937 0.203125 0.210937 0.2015625 0.223437 0.2015625 0.23437 0.2046875 0.260937 0.20625 0.310937 0.2125 0.387 0.2171875 0.464062 0.21875 0.49062 0.221875 0.49062 0.2296875 0.489062 0.2390625 0.487 0.2625 0.482812 0.2703125 0.4812 0.2734375 0.479687 0.2734375 0.473437 0.271875 0.4437 0.2671875 0.357812 0.2609375 0.27187 0.2609375 0.2437 0.259375 0.21562 0.2578125 0.201562 
0 0.359375 0.137 0.3375 0.142187 0.30625 0.14687 0.2859375 0.148437 0.275 0.1 0.2703125 0.151562 0.2703125 0.16562 0.271875 0.198437 0.275 0.262 0.278125 0.326562 0.2828125 0.39062 0.2828125 0.42187 0.284375 0.45312 0.2859375 0.482812 0.3515625 0.48437 0.3859375 0.48437 0.3859375 0.457812 0.384375 0.401562 0.3796875 0.287 0.3796875 0.2312 0.378125 0.17 0.3765625 0.135937 
0 0.5 0.112 0.4890625 0.114062 0.4578125 0.1187 0.446875 0.12187 0.415625 0.126562 0.40625 0.126562 0.3953125 0.12812 0.390625 0.129687 0.390625 0.17187 0.3921875 0.23437 0.396875 0.35937 0.396875 0.420312 0.3984375 0.482812 0.4 0.487 0.409375 0.487 0.521875 0.489062 0.521875 0.39687 0.5203125 0.25937 0.51875 0.123437 0.5171875 0.110937 
0 0.6203125 0.0 0.578125 0.051562 0.5390625 0.054687 0.5375 0.062 0.5375 0.0687 0.5390625 0.07187 0.54375 0.076562 0.5453125 0.0812 0.5390625 0.087 0.534375 0.0937 0.53125 0.098437 0.5296875 0.10312 0.53125 0.145312 0.5328125 0.187 0.534375 0.22812 0.5359375 0.257812 0.6046875 0.257812 0.6765625 0.2562 0.6765625 0.245312 0.675 0.114062 0.6734375 0.048437 
