0 0.3859375 0.83437 0.3625 0.8 0.3390625 0.86562 0.275 0.907812 0.2359375 0.93437 0.2359375 0.937 0.2328125 0.945312 0.2359375 0.94687 0.2421875 0.9 0.253125 0.95312 0.2828125 0.967187 0.3125 0.979687 0.3328125 0.987 0.3375 0.9812 0.346875 0.967187 0.3515625 0.962 0.35625 0.964062 0.371875 0.9687 0.4015625 0.979687 0.40625 0.979687 0.4140625 0.973437 0.4265625 0.962 0.4375 0.95312 0.4828125 0.907812 0.4921875 0.9062 0.5171875 0.904687 0.5234375 0.90312 0.53125 0.898437 0.5390625 0.892187 0.54375 0.89062 0.5484375 0.887 0.54375 0.88437 0.53125 0.87812 0.528125 0.87812 0.5015625 0.86562 0.434375 0.83437 0.4109375 0.82187 0.4078125 0.82187 
0 0.61875 0.710937 0.60625 0.714062 0.575 0.72187 0.5703125 0.723437 0.5625 0.726562 0.540625 0.735937 0.521875 0.7437 0.478125 0.762 0.475 0.764062 0.45625 0.776562 0.43125 0.7937 0.4203125 0.801562 0.4234375 0.80312 0.428125 0.804687 0.440625 0.810937 0.5109375 0.84687 0.559375 0.870312 0.5609375 0.867187 0.5609375 0.864062 0.565625 0.85312 0.56875 0.84687 0.5703125 0.8437 0.575 0.842187 0.5828125 0.839062 0.5859375 0.837 0.5890625 0.83437 0.6 0.820312 0.6265625 0.78437 0.6390625 0.77187 0.653125 0.760937 0.6609375 0.7562 0.6671875 0.751562 
0 0.1328125 0.71562 0.1234375 0.729687 0.096875 0.762 0.0875 0.77 0.078125 0.787 0.0734375 0.7937 0.071875 0.79687 0.0703125 0. 0.0671875 0.807812 0.065625 0.81562 0.0640625 0.8187 0.06875 0.823437 0.0890625 0.84062 0.128125 0.873437 0.1671875 0.904687 0.1765625 0.914062 0.1953125 0.929687 0.2046875 0.937 0.2109375 0.942187 0.21875 0.932812 0.225 0.923437 0.240625 0.907812 0.253125 0.898437 0.2640625 0.889062 0.2640625 0.885937 0.2609375 0.8812 0.2578125 0.876562 0.2390625 0.8 0.2 0.79687 0.15625 0.732812 0.14375 0.717187 0.140625 0.712 
0 0.8171875 0.598437 0.8 0.6187 0.78125 0.639062 0.7640625 0.657812 0.7609375 0.660937 0.75625 0.662 0.7375 0.670312 0.709375 0.6812 0.68125 0.69062 0.653125 0.701562 0.6484375 0.704687 0.6453125 0.704687 0.6421875 0.7062 0.65625 0.72187 0.6796875 0.7437 0.703125 0.76562 0.709375 0.770312 0.7375 0.789062 0.7828125 0.8187 0.7953125 0.826562 0.7984375 0.82812 0.803125 0.829687 0.8125 0.8312 0.8234375 0.832812 0.8265625 0.832812 0.828125 0.829687 0.828125 0.82187 0.8296875 0.812 0.8328125 0.80312 0.8375 0.767187 0.8390625 0.75937 0.84375 0.754687 0.8546875 0.74687 0.903125 0.712 0.9078125 0.701562 0.909375 0.687 0.9125 0.685937 0.9203125 0.682812 0.9234375 0.679687 0.934375 0.67 0.9265625 0.6687 0.909375 0.6562 0.8359375 0.604687 0.825 0.595312 
0 0.14375 0.54687 0.13125 0.562 0.11875 0.57812 0.1125 0.585937 0.1109375 0.59062 0.103125 0.612 0.1015625 0.620312 0.1 0.623437 0.1015625 0.626562 0.1046875 0.6312 0.1078125 0.635937 0.121875 0.654687 0.15 0.695312 0.2625 0.860937 0.2765625 0.8812 0.284375 0.87 0.2984375 0.864062 0.3203125 0.848437 0.3421875 0.8312 0.3484375 0.82 0.346875 0.82187 0.34375 0.817187 0.3375 0.807812 0.3328125 0.80312 0.3171875 0.77812 0.29375 0.745312 0.2125 0.62 0.175 0.567187 0.1703125 0.562 
0 0.4734375 0.517187 0.4703125 0.5187 0.4671875 0.52187 0.453125 0.529687 0.4484375 0.532812 0.4421875 0.53437 0.428125 0.535937 0.4171875 0.535937 0.40625 0.537 0.4015625 0.54062 0.396875 0.5437 0.371875 0.562 0.3609375 0.5687 0.35625 0.57187 0.353125 0.576562 0.35625 0.579687 0.3625 0.592187 0.38125 0.623437 0.41875 0.692187 0.45 0.74687 0.45625 0.7562 0.4609375 0.754687 0.46875 0.751562 0.484375 0.745312 0.5015625 0.739062 0.578125 0.707812 0.5859375 0.7062 0.59375 0.70312 0.6 0. 0.5984375 0.69687 0.5953125 0.692187 0.5890625 0.682812 0.5765625 0.664062 0.5296875 0.5937 0.525 0.589062 
0 0.6078125 0.43437 0.6 0.439062 0.58125 0.45312 0.5609375 0.4687 0.546875 0.482812 0.540625 0.485937 0.525 0.4937 0.5046875 0.50312 0.5015625 0.50312 0.4859375 0.510937 0.4890625 0.517187 0.4953125 0.526562 0.5109375 0.54687 0.5859375 0.654687 0.609375 0.685937 0.6125 0.692187 0.615625 0.695312 0.6203125 0.695312 0.6296875 0.692187 0.640625 0.689062 0.6703125 0.679687 0.7234375 0.662 0.7296875 0.660937 0.7359375 0.6562 0.759375 0.639062 0.778125 0.62 0.784375 0.620312 0.784375 0.617187 0.7671875 0. 0.734375 0.562 0.6828125 0.507812 0.6328125 0.45312 0.6171875 0.43437 
0 0.2296875 0.42 0.2046875 0.464062 0.2 0.4687 0.1875 0.487 0.16875 0.51562 0.165625 0.520312 0.165625 0.52 0.16875 0.529687 0.1765625 0.54062 0.1921875 0.564062 0.2203125 0.6062 0.2890625 0.7062 0.3453125 0.792187 0.35 0.79687 0.3640625 0.8187 0.3671875 0.81562 0.3734375 0.812 0.3875 0.80312 0.44375 0.76562 0.4390625 0.75937 0.4328125 0.74687 0.4203125 0.72 0.38125 0.6562 0.2890625 0.495312 0.24375 0.4187 0.240625 0.410937 
0 0.703125 0.29687 0.6890625 0.298437 0.6875 0.301562 0.6859375 0.30937 0.678125 0.326562 0.6640625 0.3687 0.659375 0.3812 0.65625 0.389062 0.6546875 0.392187 0.64375 0.40312 0.63125 0.412 0.621875 0.42187 0.6390625 0.439062 0.6625 0.46562 0.7109375 0.517187 0.7609375 0.570312 0.784375 0.595312 0.796875 0.6062 0.8 0. 0.821875 0.5687 0.8734375 0.49062 0.9 0.4 0.9 0.44687 0.80625 0.351562 0.75 0.295312 
0 0.3265625 0.248437 0.2765625 0. 0.228125 0.3 0.2234375 0.357812 0.2265625 0.364062 0.23125 0.37187 0.24375 0.39062 0.28125 0.45312 0.2953125 0.473437 0.3390625 0.54687 0.3453125 0.554687 0.3484375 0.560937 0.3515625 0.55937 0.3578125 0.55312 0.378125 0.537 0.390625 0.52812 0.396875 0.523437 0.4 0.52187 0.40625 0.520312 0.4140625 0.5187 0.4390625 0.51562 0.4546875 0.512 0.4625 0.510937 0.46875 0.507812 0.496875 0.4937 0.528125 0.476562 0.5265625 0.473437 0.5234375 0.467187 0.515625 0.45312 0.509375 0.437 0.4875 0.392187 0.4640625 0.3437 0.4515625 0.3187 0.446875 0.31562 0.4359375 0.30937 0.4296875 0.30312 0.428125 0.298437 0.425 0.29062 0.41875 0.27187 0.390625 0.187 0.390625 0.18437 
0 0.2609375 0.045312 0.24375 0.05937 0.2109375 0.085937 0.1796875 0.110937 0.10625 0.170312 0.096875 0.17812 0.096875 0.1812 0.09375 0.19062 0.0921875 0.198437 0.0921875 0.20937 0.09375 0.212 0.0953125 0.21562 0.1015625 0.226562 0.109375 0.24062 0.115625 0.251562 0.121875 0.262 0.1328125 0.2812 0.146875 0.304687 0.1640625 0.32187 0.178125 0.33437 0.18125 0.335937 0.184375 0.337 0.20625 0.34687 0.209375 0.34687 0.2125 0.348437 0.2203125 0.34062 0.25 0.307812 0.36875 0.18437 0.3984375 0.15312 0.4015625 0.148437 0.4 0.145312 0.39375 0.139062 0.384375 0.12 0.36875 0.104687 0.3609375 0.098437 0.3390625 0.0812 0.2953125 0.04687 0.2890625 0.042187 0.2828125 0.04062 0.275 0.039062 
0 0.446875 0.020312 0.425 0.045312 0.4015625 0.0687 0.3796875 0.092187 0.378125 0.095312 0.3828125 0. 0.3953125 0.114062 0.40625 0.126562 0.4171875 0.139062 0.425 0.148437 0.4046875 0.167187 0.4 0.176562 0.4 0.179687 0.40625 0.192187 0.4390625 0.2812 0.4421875 0.289062 0.44375 0.292187 0.45 0.298437 0.4578125 0.30312 0.4609375 0.307812 0.4640625 0.314062 0.484375 0.354687 0.484375 0.357812 0.5265625 0.44062 0.5265625 0.4437 0.5421875 0.47 0.55 0.467187 0.5796875 0.439062 0.6109375 0.410937 0.6421875 0.3812 0.64375 0.376562 0.646875 0.3687 0.6515625 0.360937 0.6828125 0.28437 0.6859375 0.276562 0.684375 0.273437 0.6734375 0.260937 0.65 0.23437 0.6140625 0.195312 0.5921875 0.1687 0.5328125 0.10312 0.509375 0.076562 0.4984375 0.064062 0.496875 0.060937 0.496875 0.042187 0.4953125 0.037 0.465625 0.00937 
