0 0.19375 0.67812 0.190625 0.68437 0.1703125 0.72 0.1453125 0.779687 0.11875 0.8312 0.11875 0.83437 0.109375 0.85312 0.1125 0.854687 0.11875 0.857812 0.128125 0.862 0.1515625 0.873437 0.196875 0.895312 0.33125 0.960937 0.334375 0.960937 0.3734375 0.97812 0.375 0.97 0.3796875 0.96562 0.3796875 0.962 0.390625 0.942187 0.4015625 0.9187 0.43125 0.851562 0.453125 0.807812 0.453125 0.804687 0.45625 0.798437 0.453125 0.79687 0.45 0.795312 0.4375 0.79062 0.4140625 0.77812 0.2234375 0.685937 
0 0.45625 0.626562 0.453125 0.632812 0.453125 0.635937 0.44375 0.6562 0.4125 0.720312 0.403125 0.74062 0.4015625 0.745312 0.4015625 0.748437 0.4046875 0.7 0.4109375 0.75312 0.4359375 0.76562 0.475 0.782812 0.5109375 0.801562 0.696875 0.89062 0.7328125 0.907812 0.7625 0.92187 0.7671875 0.914062 0.771875 0.90312 0.7859375 0.867187 0.7921875 0.8562 0.815625 0.801562 0.8171875 0.79687 0.8140625 0.795312 0.8078125 0.792187 0.7953125 0.785937 0.7515625 0.764062 0.7484375 0.764062 0.49375 0.637 0.490625 0.637 0.4609375 0.62187 
0 0.6421875 0.5687 0.6390625 0.57 0.6328125 0.587 0.61875 0.617187 0.615625 0.620312 0.590625 0.670312 0.590625 0.673437 0.59375 0.67 0.60625 0.6812 0.6265625 0.69062 0.6921875 0.72187 0.6953125 0.72187 0.7125 0.72812 0.7125 0.72 0.71875 0.714062 0.728125 0.689062 0.7453125 0.65312 0.759375 0.620312 0.7546875 0.617187 0.75 0.61562 0.7421875 0.610937 0.71875 0.601562 0.6984375 0.59062 0.6578125 0.57187 
0 0.25625 0.526562 0.2546875 0.529687 0.2484375 0.5437 0.2375 0.570312 0.221875 0.604687 0.20625 0.64062 0.20625 0.6437 0.203125 0.654687 0.20625 0.6562 0.221875 0.664062 0.225 0.664062 0.2609375 0.682812 0.3359375 0.7187 0.371875 0.735937 0.375 0.735937 0.3828125 0.737 0.384375 0.73437 0.3875 0.72812 0.39375 0.71562 0.41875 0.66562 0.41875 0.662 0.440625 0.614062 0.4375 0.612 0.43125 0.60937 0.41875 0.60312 0.39375 0.59062 
0 0.85 0.47812 0.8484375 0.4812 0.840625 0. 0.7875 0.607812 0.784375 0.61562 0.784375 0.6187 0.7875 0.620312 0.790625 0.62187 0.79375 0.62187 0.815625 0.632812 0.8375 0.642187 0.840625 0.642187 0.8546875 0.626562 0.8578125 0.626562 0.865625 0.629687 0.9171875 0.65312 0.9203125 0.65312 0.9265625 0.6562 0.928125 0.65312 0.9296875 0.64687 0.940625 0.62 0.9703125 0.557812 0.975 0.54687 0.978125 0.539062 0.978125 0.535937 0.975 0.53437 0.96875 0.5312 0.95625 0.52 0.8875 0.49062 0.8546875 0.47 
0 0.0796875 0.442187 0.0734375 0.4562 0.065625 0.47187 0.025 0.557812 0.0203125 0.5687 0.0203125 0.57187 0.0234375 0.573437 0.0265625 0.57 0.0375 0.579687 0.0578125 0.589062 0.1109375 0.614062 0.171875 0.642187 0.175 0.642187 0.1875 0.648437 0.1890625 0.645312 0.190625 0.642187 0.1953125 0.6312 0.2046875 0.610937 0.2421875 0.529687 0.2453125 0.52187 0.240625 0.5187 0.234375 0.51562 0.21875 0.507812 0.1953125 0.495312 0.13125 0.462 0.084375 0.439062 
0 0.3546875 0.42812 0.3515625 0.43437 0.3453125 0.44687 0.33125 0.47 0.30625 0.526562 0.30625 0.529687 0.309375 0.5312 0.315625 0.53437 0.328125 0.54062 0.3546875 0.55312 0.3953125 0.57 0.5765625 0.662 0.578125 0.65937 0.5828125 0.648437 0.5859375 0.645312 0.596875 0.623437 0.6171875 0.585937 0.63125 0.557812 0.628125 0.5562 0.621875 0.55312 0.60625 0.545312 0.603125 0.545312 0.5703125 0.52812 0.50625 0.49687 0.3859375 0.437 0.359375 0.42 
0 0.665625 0.39062 0.6609375 0. 0.653125 0.414062 0.6171875 0.48437 0.596875 0.52 0.603125 0.52812 0.6078125 0.5312 0.621875 0.537 0.64375 0.548437 0.7125 0.5812 0.7453125 0.59687 0.771875 0.60937 0.775 0.60937 0.7765625 0.6062 0.7828125 0.5937 0.7953125 0.567187 0.8296875 0.4937 0.8296875 0.49062 0.8390625 0.467187 0.8359375 0.46562 0.8296875 0.462 0.8265625 0.462 0.7984375 0.448437 0.6828125 0.392187 
0 0.1390625 0.32187 0.1359375 0.32812 0.1296875 0.34062 0.1171875 0.36562 0.0890625 0.42812 0.0921875 0.429687 0.1046875 0.435937 0.1078125 0.435937 0.1328125 0.448437 0.26875 0.514062 0.271875 0.514062 0.2921875 0.52187 0.29375 0.5187 0.29375 0.51562 0.303125 0.498437 0.3109375 0.47812 0.3296875 0.44062 0.3375 0.423437 0.3375 0.420312 0.3390625 0.412 0.3359375 0.410937 0.3328125 0.410937 0.321875 0.404687 0.2984375 0.3937 0.1796875 0.335937 0.14375 0.3187 
0 0.4109375 0.307812 0.4078125 0.314062 0.4 0.3312 0.384375 0.36562 0.378125 0.382812 0.3703125 0.39687 0.3703125 0. 0.3640625 0.412 0.3671875 0.414062 0.3734375 0.417187 0.3828125 0.42187 0.4078125 0.432812 0.496875 0.47812 0.5828125 0.520312 0.5859375 0.520312 0.5875 0.517187 0.590625 0.510937 0.596875 0.498437 0.6109375 0.470312 0.6109375 0.467187 0.6375 0.414062 0.634375 0.412 0.628125 0.40937 0.615625 0.40312 0.565625 0.37812 0.5625 0.37812 0.4890625 0.34062 0.415625 0.304687 
0 0.196875 0.20312 0.19375 0.20937 0.1875 0.22187 0.175 0.24687 0.1453125 0.307812 0.1484375 0.30937 0.1546875 0.312 0.1703125 0.320312 0.2 0.33437 0.315625 0.39062 0.31875 0.39062 0.3453125 0.401562 0.3484375 0.39687 0.353125 0.385937 0.3890625 0.32 0.39375 0.314062 0.396875 0.310937 0.4015625 0.301562 0.3984375 0. 0.3921875 0.29687 0.3796875 0.29062 0.3546875 0.27812 
0 0.2640625 0.085937 0.2578125 0.09687 0.2515625 0.107812 0.2171875 0.17187 0.2109375 0.182812 0.209375 0.189062 0.2125 0.19062 0.215625 0.19062 0.2265625 0.19687 0.25 0.207812 0.371875 0.26562 0.4109375 0.285937 0.4140625 0.285937 0.4421875 0. 0.4453125 0.295312 0.4484375 0.289062 0.4578125 0.27187 0.4828125 0.22 0.49375 0.201562 0.496875 0.19687 0.49375 0.195312 0.4875 0.192187 0.475 0.185937 0.45 0.173437 0.35625 0.126562 0.353125 0.126562 
0 0.4484375 0.02812 0.446875 0.0312 0.440625 0.048437 0.4078125 0.12 0.4046875 0.132812 0.409375 0.135937 0.415625 0.139062 0.43125 0.14687 0.4484375 0.1562 0.5 0.1812 0.503125 0.18437 0.5203125 0.192187 0.5234375 0.1937 0.525 0.19687 0.5234375 0. 0.5203125 0.2062 0.5140625 0.2187 0.490625 0.264062 0.490625 0.267187 0.4703125 0.312 0.4734375 0.314062 0.4796875 0.317187 0.4921875 0.323437 0.5171875 0.335937 0.6453125 0. 0.646875 0.39687 0.653125 0.38437 0.653125 0.3812 0.665625 0.357812 0.6984375 0.29062 0.7421875 0. 0.7546875 0.173437 0.7546875 0.170312 0.7515625 0.1687 0.7453125 0.16562 0.7203125 0.15312 0.68125 0.13437 0.4640625 0.02812 0.4609375 0.02812 0.453125 0.023437 
