0 0.6 0.64687 0.596875 0.65312 0.5921875 0.667187 0.5828125 0.695312 0.5390625 0.82 0.5078125 0.92187 0.5078125 0.926562 0.5125 0.92812 0.5296875 0.932812 0.5875 0.954687 0.5953125 0.9562 0.5984375 0.957812 0.5984375 0.954687 0.6015625 0.948437 0.60625 0.935937 0.6109375 0.923437 0.625 0.882812 0.684375 0.7187 0.6921875 0.69687 0.696875 0.682812 0.696875 0.679687 0.69375 0.67812 0.6859375 0.676562 0.671875 0.670312 0.6109375 0.648437 0.60625 0.645312 0.603125 0.645312 
0 0.246875 0.604687 0.2453125 0.60937 0.24375 0.617187 0.228125 0.6562 0.209375 0.712 0.19375 0.751562 0.1890625 0.7687 0.1796875 0.79062 0.1765625 0.80312 0.175 0.8062 0.178125 0.807812 0.18125 0.807812 0.1859375 0.810937 0.19375 0.812 0.234375 0.829687 0.2546875 0.837 0.2671875 0.842187 0.271875 0.8437 0.275 0.837 0.278125 0.82 0.2890625 0.798437 0.340625 0.65312 0.34375 0.6437 0.340625 0.642187 0.3265625 0.635937 0.30625 0.626562 0.265625 0.60937 0.2515625 0.601562 
0 0.04375 0.5 0.0421875 0.5562 0.0390625 0.570312 0.0328125 0.6062 0.003125 0.735937 0.0015625 0.7437 0.0 0.75312 0.003125 0.754687 0.009375 0.7562 0.021875 0.75937 0.0265625 0.75937 0.0265625 0.754687 0.0296875 0.742187 0.03125 0.739062 0.0359375 0.735937 0.0390625 0.73437 0.0515625 0.7312 0.0578125 0.72812 0.059375 0.72 0.0625 0.714062 0.075 0.679687 0.103125 0.60937 0.1171875 0.57187 0.1109375 0.5687 0.1015625 0.56562 
0 0.30625 0.43437 0.303125 0.4437 0.2984375 0.457812 0.2875 0.48437 0.2609375 0.55937 0.2515625 0.585937 0.2515625 0.59062 0.2546875 0.592187 0.2625 0.595312 0.2765625 0.601562 0.3328125 0.62 0.340625 0.62812 0.3453125 0.629687 0.346875 0.626562 0.3484375 0.62187 0.35 0.614062 0.3578125 0.595312 0.4 0.476562 0.403125 0.47187 0.4046875 0.467187 0.4046875 0.464062 0.4015625 0.462 0.396875 0.460937 0.3875 0.457812 
0 0.1921875 0.401562 0.1890625 0.410937 0.1796875 0.442187 0.1765625 0.44687 0.1546875 0.51562 0.128125 0.589062 0.103125 0.662 0.0984375 0.676562 0.0984375 0.6812 0.1015625 0.682812 0.1078125 0.685937 0.125 0.6937 0.128125 0.6937 0.13125 0.695312 0.134375 0.69687 0.1375 0.70312 0.1453125 0.72 0.146875 0.729687 0.1484375 0.73437 0.1484375 0.742187 0.1453125 0.75312 0.1359375 0.779687 0.134375 0.789062 0.1328125 0.792187 0.1359375 0.7937 0.14375 0.795312 0.15625 0.801562 0.159375 0.801562 0.1625 0.80312 0.1640625 0. 0.1640625 0.79687 0.1671875 0.792187 0.171875 0.77812 0.178125 0.760937 0.19375 0.71562 0.2109375 0.662 0.26875 0.49687 0.290625 0.43437 0.29375 0.429687 0.29375 0.426562 0.290625 0.42 0.2859375 0.42 0.275 0.420312 0.2375 0.407812 0.2328125 0.407812 0.1984375 0.395312 
0 0.1125 0.257812 0.1109375 0.26562 0.1078125 0.273437 0.10625 0.287 0.0921875 0.345312 0.053125 0.526562 0.0515625 0.532812 0.05625 0.53437 0.0734375 0.54062 0.1203125 0.5562 0.1234375 0.5562 0.125 0.55312 0.1265625 0.5 0.1296875 0.54062 0.1359375 0.52187 0.146875 0.49062 0.165625 0.4312 0.20625 0.312 0.209375 0.307812 0.2140625 0.2937 0.2125 0.289062 0.209375 0.289062 0.2046875 0.285937 0.1921875 0.282812 0.175 0.27 0.1453125 0.26562 0.128125 0.257812 0.115625 0.254687 
0 0.884375 0.20312 0.88125 0.20937 0.8765625 0.22187 0.8671875 0.248437 0.846875 0.3062 0.7640625 0.54062 0.7375 0.620312 0.625 0.939062 0.621875 0.9437 0.6171875 0.957812 0.61875 0.962 0.6265625 0.964062 0.63125 0.967187 0.653125 0.97 0.6578125 0.976562 0.6609375 0.97187 0.66875 0.957812 0.678125 0.937 0.6796875 0.93437 0.6828125 0.932812 0.6890625 0.93437 0.7 0.939062 0.7109375 0.942187 0.7296875 0.923437 0.7375 0.914062 0.740625 0.907812 0.746875 0.895312 0.7546875 0.873437 0.771875 0.82 0.80625 0.72812 0.978125 0.2437 0.9796875 0.235937 0.98125 0.232812 0.9734375 0.229687 0.9640625 0.226562 0.940625 0.2187 0.896875 0.204687 0.8921875 0.201562 0.8875 0. 
0 0.771875 0.16562 0.76875 0.17187 0.765625 0.179687 0.7578125 0.20312 0.7421875 0.24687 0.715625 0.320312 0.6484375 0.50937 0.60625 0.62812 0.60625 0.6312 0.6046875 0.63437 0.6078125 0.63437 0.6140625 0.637 0.6375 0.645312 0.6859375 0.660937 0.7015625 0.66562 0.70625 0.6562 0.7140625 0.6312 0.7328125 0.57812 0.865625 0.204687 0.8703125 0.19062 0.865625 0.189062 0.85625 0.185937 0.8390625 0.1812 0.7921875 0.1687 0.78125 0.164062 0.7765625 0.164062 
0 0.6609375 0.12 0.65625 0.13437 0.646875 0.160937 0.63125 0.2062 0.6 0.295312 0.5 0.579687 0.4578125 0. 0.425 0.7937 0.41875 0.812 0.41875 0.817187 0.4203125 0.820312 0.425 0.82812 0.4375 0.845312 0.4390625 0.848437 0.440625 0.873437 0.440625 0.898437 0.44375 0.898437 0.459375 0.90312 0.475 0.90937 0.4796875 0.90937 0.490625 0.914062 0.49375 0.914062 0.4953125 0.910937 0.496875 0.907812 0.5 0.898437 0.5078125 0.87 0.521875 0.835937 0.5328125 0. 0.5734375 0.687 0.6640625 0.426562 0.7421875 0.201562 0.75625 0.160937 0.75625 0.157812 0.7578125 0.154687 0.7546875 0.15312 0.75 0.151562 0.740625 0.148437 0.7140625 0.14062 0.709375 0.137 0.6640625 0.123437 
0 0.1484375 0.114062 0.14375 0.132812 0.14375 0.139062 0.128125 0.19687 0.11875 0.235937 0.1171875 0.2437 0.1203125 0.245312 0.125 0.24687 0.134375 0.2 0.153125 0.2562 0.209375 0.27 0.2203125 0.27812 0.221875 0.273437 0.225 0.264062 0.234375 0.239062 0.246875 0. 0.25625 0.17812 0.2609375 0.160937 0.2640625 0.1562 0.2671875 0.1437 0.26875 0.14062 0.265625 0.139062 0.2609375 0.137 0.25 0.13437 0.234375 0.1312 0.1703125 0.110937 0.159375 0.107812 0.153125 0.1062 
0 0.5484375 0.0937 0.54375 0.110937 0.540625 0.11562 0.528125 0.151562 0.5171875 0.187 0.478125 0. 0.3328125 0.714062 0.30625 0.79062 0.303125 0.80312 0.3015625 0.8062 0.3046875 0.8062 0.3140625 0.80937 0.33125 0.812 0.3484375 0.814062 0.3578125 0.817187 0.365625 0.817187 0.378125 0.8062 0.4 0.80937 0.40625 0.807812 0.4078125 0. 0.4109375 0.795312 0.4171875 0.773437 0.4203125 0.7687 0.4375 0.717187 0.4828125 0.587 0.49375 0.560937 0.603125 0.24687 0.6140625 0.220312 0.6421875 0.14062 0.6484375 0.12187 0.646875 0.117187 0.6421875 0.11562 0.6234375 0.10937 0.61875 0.10937 0.584375 0.09687 0.5796875 0.09687 0.5546875 0.087 
0 0.4390625 0.0562 0.4359375 0.062 0.4328125 0.070312 0.425 0.0937 0.409375 0.139062 0.334375 0.35312 0.325 0.38437 0.321875 0.389062 0.3140625 0.41562 0.3140625 0.420312 0.3171875 0.42187 0.325 0.423437 0.3484375 0.432812 0.384375 0.445312 0.40625 0.451562 0.409375 0.45312 0.4109375 0.4 0.4125 0.445312 0.415625 0.435937 0.4234375 0.40937 0.4265625 0.404687 0.4453125 0.3 0.5203125 0.1312 0.5328125 0.09062 0.534375 0.087 0.53125 0.085937 0.528125 0.08437 0.515625 0.0812 0.46875 0.062 0.4515625 0.0562 0.4421875 0.05312 
0 0.3265625 0.020312 0.3234375 0.032812 0.3203125 0.037 0.3109375 0.0687 0.3078125 0.073437 0.2859375 0.14062 0.2234375 0.31562 0.2140625 0.34687 0.2109375 0.351562 0.203125 0.37812 0.2015625 0.3812 0.2046875 0.382812 0.209375 0.38437 0.2171875 0.385937 0.2515625 0. 0.2859375 0.412 0.2953125 0.41562 0.2953125 0.412 0.2984375 0.407812 0.303125 0.3937 0.3125 0.367187 0.33125 0.314062 0.3953125 0.129687 0.40625 0.10312 0.4203125 0.062 0.425 0.0 0.4265625 0.045312 0.421875 0.0437 0.4125 0.04062 0.39375 0.03437 0.3328125 0.014062 
