0 0.1421875 0.507812 0.1359375 0.510937 0.1328125 0.510937 0.1328125 0.520312 0.1296875 0.545312 0.121875 0.5937 0.1140625 0.66562 0.1109375 0.689062 0.1078125 0.707812 0.0921875 0.801562 0.0671875 0.942187 0.0671875 0.957812 0.06875 0.964062 0.078125 0.964062 0.09375 0.96562 0.1421875 0.97187 0.1578125 0.973437 0.1640625 0.973437 0.1640625 0.9687 0.165625 0.957812 0.1671875 0.94687 0.1734375 0.9062 0.1875 0.814062 0.190625 0.7937 0.2015625 0.72 0.2203125 0.617187 0.2296875 0.557812 0.23125 0.5312 0.23125 0.517187 0.221875 0.517187 0.1984375 0.512 0.1625 0.507812 0.1515625 0.5062 
0 0.55625 0.432812 0.553125 0.432812 0.553125 0.44062 0.55 0.451562 0.546875 0.47812 0.5375 0.53437 0.534375 0.5437 0.51875 0.637 0.490625 0.8062 0.4890625 0.81562 0.4890625 0.820312 0.4921875 0.82 0.4921875 0.82812 0.49375 0.8312 0.575 0.829687 0.5765625 0.8187 0.5796875 0.79687 0.5890625 0.7312 0.5890625 0.720312 0.60625 0.60937 0.621875 0.498437 0.6296875 0.442187 0.63125 0.4312 0.6203125 0.4312 0.603125 0.429687 0.584375 0.426562 
0 0.45 0.42 0.4453125 0.426562 0.4421875 0.429687 0.4421875 0.437 0.4390625 0.4562 0.4375 0.464062 0.434375 0.47812 0.425 0.510937 0.421875 0.52 0.4203125 0.542187 0.4203125 0.567187 0.41875 0.5937 0.4171875 0.607812 0.4125 0.632812 0.4046875 0.673437 0.4 0.698437 0.38125 0.789062 0.378125 0.8062 0.378125 0.817187 0.3796875 0.82 0.45625 0.82 0.4703125 0.823437 0.471875 0.820312 0.471875 0.810937 0.4765625 0.787 0.4765625 0.776562 0.4921875 0.664062 0.49375 0.65312 0.4953125 0.642187 0.50625 0.567187 0.5203125 0.4812 0.525 0.448437 0.525 0.42 0.4984375 0.42 
0 0.675 0.357812 0.675 0.36562 0.665625 0.414062 0.65625 0.47187 0.6546875 0.482812 0.6578125 0.482812 0.66875 0.48437 0.68125 0.487 0.715625 0.492187 0.75 0.495312 0.7625 0.498437 0.771875 0.498437 0.771875 0.49062 0.775 0.479687 0.778125 0.457812 0.7859375 0.404687 0.790625 0.373437 0.7921875 0.362 0.7828125 0.362 0.7609375 0.360937 0.715625 0.3562 0.69375 0.354687 
0 0.4515625 0.34062 0.4515625 0.364062 0.4484375 0.389062 0.4484375 0. 0.484375 0. 0.5265625 0.401562 0.5703125 0.404687 0.6125 0.4062 0.640625 0.4062 0.640625 0.398437 0.64375 0.379687 0.646875 0.370312 0.6484375 0.360937 0.65 0.351562 0.63125 0.351562 0.6078125 0.348437 0.5421875 0.3437 0.475 0.339062 
0 0.8734375 0.05937 0.86875 0.070312 0.8640625 0.085937 0.8609375 0.09687 0.859375 0.104687 0.8578125 0.114062 0.853125 0.1437 0.8421875 0.214062 0.8390625 0.23437 0.834375 0.267187 0.828125 0.314062 0.81875 0.38437 0.8140625 0.4312 0.8109375 0.4437 0.8109375 0.45312 0.8203125 0.45312 0.8359375 0.454687 0.9 0.462 0.9140625 0.462 0.9140625 0.45312 0.915625 0.44062 0.9234375 0.38437 0.940625 0.260937 0.9453125 0.22812 0.946875 0.2187 0.9484375 0.20937 0.9515625 0.192187 0.9609375 0.1 0.96875 0.107812 0.971875 0.09062 0.9734375 0.0812 0.971875 0.07 0.9703125 0.067187 0.96875 0.064062 0.953125 0.064062 0.934375 0.060937 0.896875 0.057812 0.878125 0.0562 
0 0.771875 0.051562 0.7578125 0.05312 0.74375 0.054687 0.73125 0.057812 0.725 0.067187 0.7125 0.085937 0.709375 0.09062 0.7078125 0. 0.7046875 0.12187 0.6984375 0.164062 0.6859375 0.24687 0.6734375 0.3312 0.6734375 0.339062 0.6875 0.339062 0.7453125 0.342187 0.7953125 0.34062 0.796875 0.3312 0.796875 0.323437 0.8015625 0.29687 0.809375 0.260937 0.8125 0.23437 0.8296875 0.145312 0.840625 0.082812 0.840625 0.073437 0.8359375 0.062 0.834375 0.0562 0.8234375 0.054687 0.8140625 0.054687 0.803125 0.051562 0.7921875 0.0 
0 0.0765625 0.05312 0.071875 0.067187 0.0703125 0.07 0.06875 0.08437 0.065625 0.1062 0.059375 0.1 0.0203125 0.423437 0.01875 0.44062 0.01875 0.4687 0.028125 0.4687 0.0625 0.47 0.0859375 0.47812 0.096875 0.479687 0.1109375 0.479687 0.1203125 0.46562 0.121875 0.460937 0.1203125 0.451562 0.1171875 0.442187 0.1171875 0.43437 0.1234375 0.39062 0.13125 0.337 0.16875 0.0937 0.1734375 0.060937 0.1734375 0.051562 0.1703125 0.051562 0.1140625 0.048437 
0 0.621875 0.048437 0.6140625 0.051562 0.6125 0.05937 0.6109375 0.067187 0.60625 0.092187 0.603125 0.117187 0.571875 0.276562 0.5640625 0.3187 0.5625 0.32812 0.5625 0.332812 0.565625 0.332812 0.6125 0.335937 0.6515625 0.335937 0.6515625 0.332812 0.653125 0.320312 0.65625 0.295312 0.665625 0.220312 0.66875 0.207812 0.6859375 0.07187 0.6875 0.05937 0.6875 0.05312 0.6796875 0.05312 0.653125 0.04687 
0 0.509375 0.0437 0.5015625 0.0 0.4953125 0.054687 0.49375 0.05937 0.4921875 0.070312 0.4890625 0.0937 0.4828125 0.142187 0.471875 0.223437 0.4640625 0.282812 0.4609375 0.3062 0.459375 0.3187 0.459375 0.32 0.4796875 0.32 0.525 0.32812 0.5453125 0.326562 0.546875 0.31562 0.55 0.2937 0.5625 0.19687 0.565625 0.185937 0.5828125 0.0562 0.584375 0.04687 0.5734375 0.04687 0.5390625 0.04062 0.5265625 0.039062 
0 0.3421875 0.042187 0.3390625 0.05312 0.3390625 0.062 0.3328125 0.092187 0.3328125 0.101562 0.3265625 0.14062 0.2640625 0.520312 0.2625 0.5312 0.2609375 0.54062 0.2609375 0.545312 0.271875 0.545312 0.3140625 0.548437 0.35625 0.5 0.4 0.5 0.4015625 0.539062 0.4015625 0.52812 0.4109375 0.470312 0.4140625 0.435937 0.446875 0.2062 0.4671875 0.04687 0.46875 0.037 
0 0.196875 0.032812 0.1953125 0.045312 0.1921875 0.067187 0.1859375 0.10312 0.1734375 0.195312 0.1375 0.460937 0.1359375 0.47187 0.1359375 0.476562 0.1390625 0.47812 0.1453125 0.47812 0.1609375 0.4812 0.16875 0.48437 0.20625 0.492187 0.2203125 0.4937 0.2265625 0.495312 0.2359375 0.485937 0.2375 0.47812 0.2390625 0.467187 0.24375 0.439062 0.2546875 0.37187 0.2578125 0.351562 0.265625 0. 0.284375 0.176562 0.2921875 0.12 0.296875 0.0937 0.296875 0.070312 0.2953125 0.051562 0.284375 0.04062 0.2765625 0.039062 0.2609375 0.035937 0.24375 0.037 0.2328125 0.037 0.221875 0.032812 0.2109375 0.026562 
